0.275
1.078
0.473
0.638
1.201
0.551
0.899
0.713
0.514
0.134
0.816
0.437
0.584
0.784
0.317
0.331
0.671
0.606
1.172
0.086
0.281
1.209
0.587
0.180
1.489
0.514
0.855
0.572
0.346
0.326
1.035
0.504
0.159
0.573
0.515
0.480
0.479
0.759
0.318
0.479
0.369
0.475
0.613
0.751
0.263
1.105
0.600
0.829
0.662
1.098
0.337
0.941
1.102
1.082
0.374
0.720
0.283
0.885
0.220
0.410
0.961
1.094
1.928
0.920
0.665
0.918
0.657
0.591
0.725
0.960
0.523
0.744
0.358
0.535
0.597
0.613
0.313
0.671
1.435
0.497
1.131
0.532
0.304
0.114
0.739
0.176
0.925
0.585
0.450
0.540
0.450
0.679
1.017
1.061
0.573
0.460
0.769
0.449
0.636
0.548
1.502
0.183
1.025
0.949
1.076
0.973
0.227
1.187
0.734
0.461
0.826
0.411
0.995
1.243
0.528
0.071
0.820
0.930
0.196
0.457
1.246
0.863
0.495
0.538
0.289
0.785
0.543
0.198
0.274
0.888
0.584
1.148
0.181
0.594
0.534
1.572
0.345
0.459
0.969
0.886
0.672
0.445
0.308
0.148
0.925
0.338
0.476
0.808
0.479
1.298
0.677
0.657
0.743
0.854
0.288
0.942
0.240
0.385
0.394
0.429
1.425
0.637
0.324
0.755
0.878
1.085
0.053
0.521
1.355
0.889
0.458
0.566
0.967
0.209
0.665
0.490
0.498
0.655
0.538
0.711
0.261
0.739
0.905
0.163
1.557
0.214
0.170
0.178
0.249
0.580
0.455
0.366
0.670
0.514
0.381
0.711
0.530
0.046
0.317
0.102
0.379
0.496
0.561
0.613
0.411
0.630
0.529
0.729
0.438
1.254
0.372
1.013
0.240
0.443
0.912
0.373
1.605
0.191
0.641
0.919
0.917
0.409
0.478
0.787
1.849
0.287
0.915
0.971
0.671
0.834
0.539
0.207
0.287
0.330
0.478
0.433
0.437
0.160
0.723
0.439
0.207
0.540
0.326
0.739
0.382
0.070
0.255
0.700
0.488
0.444
0.222
0.759
1.101
0.798
0.557
0.467
0.358
0.478
0.609
0.403
0.782
0.239
0.569
1.121
0.781
0.253
0.567
1.201
0.418
1.138
0.486
0.202
0.217
0.127
0.207
0.845
0.319
0.648
0.507
0.518
0.385
0.724
0.568
1.593
0.540
0.530
0.713
1.034
0.944
1.056
0.688
0.570
0.102
0.592
0.294
1.508
0.499
0.263
1.027
0.261
0.930
0.919
0.424
1.116
0.796
0.992
0.633
1.180
0.646
0.437
0.429
0.533
1.314
0.763
0.386
0.498
0.415
1.547
0.232
1.113
0.516
0.906
0.331
0.238
0.537
0.310
0.857
0.445
0.631
0.717
0.747
0.782
0.383
0.465
0.723
0.646
0.293
0.274
0.644
0.620
0.107
0.271
0.513
0.849
0.482
0.879
0.960
0.488
0.951
0.255
0.157
0.354
0.977
0.470
0.382
0.414
0.173
0.577
0.944
0.130
1.342
0.665
0.061
0.682
0.420
0.245
0.639
1.322
1.073
0.577
0.538
0.645
1.104
0.890
0.741
0.194
0.816
0.888
0.242
0.351
0.565
0.640
0.742
0.088
0.495
0.963
0.542
0.624
0.354
1.057
0.453
0.420
0.618
0.846
1.482
0.522
0.921
0.611
1.056
0.626
1.357
1.007
0.336
0.659
0.143
0.557
0.612
1.097
0.332
0.949
0.596
0.119
0.763
0.851
0.729
0.457
0.094
0.318
0.249
0.632
1.449
0.975
0.565
0.529
0.463
0.585
0.327
1.228
0.522
0.762
0.391
0.443
0.608
0.745
0.551
0.471
0.845
0.871
0.824
0.466
0.729
1.672
0.471
0.373
1.306
0.181
0.233
0.568
0.897
1.122
0.474
0.625
0.295
0.484
0.921
0.549
0.290
0.797
0.356
0.364
0.859
0.334
0.330
0.707
0.277
0.516
0.370
0.168
0.674
0.715
0.349
0.676
0.334
1.339
0.192
0.819
0.348
0.316
0.401
0.699
0.787
0.820
0.472
0.816
0.819
0.290
0.273
0.732
0.323
0.832
0.794
1.185
0.867
0.384
0.505
0.318
0.350
0.230
0.767
1.565
0.113
0.428
0.624
0.845
0.105
0.612
0.441
0.195
0.272
0.596
0.629
0.401
0.309
0.306
0.393
0.169
0.390
0.134
1.075
0.206
0.046
0.408
0.255
0.872
0.355
0.353
0.943
0.685
0.429
0.531
1.062
0.667
0.884
0.823
0.088
0.163
1.416
0.218
0.490
0.403
0.609
0.551
0.987
1.110
0.261
0.579
1.608
0.228
0.249
0.446
0.858
0.478
0.990
0.546
2.059
0.389
1.267
0.694
0.401
0.357
0.292
0.600
0.501
0.878
0.761
0.620
0.514
0.497
1.417
0.415
0.602
1.133
0.607
0.726
0.494
0.416
0.613
0.382
0.070
0.156
0.698
0.305
0.417
0.560
0.952
0.341
0.454
0.329
0.250
0.410
0.146
0.252
1.750
0.180
1.203
0.137
1.169
0.421
0.401
0.271
0.505
0.189
1.144
0.281
0.539
0.497
0.221
1.191
0.583
0.498
0.661
0.351
0.828
0.532
0.737
0.565
0.492
0.823
0.811
0.508
0.408
1.136
0.496
0.519
0.335
0.170
0.638
0.726
0.114
0.608
0.300
0.962
0.988
0.673
0.095
0.148
0.389
0.575
0.252
0.346
0.490
0.673
0.648
0.568
0.571
0.363
1.184
0.791
0.751
0.230
0.643
0.626
0.562
0.077
0.741
1.129
0.396
0.772
0.657
0.625
0.263
0.085
0.354
1.140
0.286
0.929
1.029
0.518
0.599
0.587
0.556
0.784
0.608
0.375
0.579
0.394
0.406
0.103
0.520
0.931
0.035
0.280
0.456
0.844
0.361
0.235
0.600
0.281
0.460
0.240
0.546
0.591
1.224
0.629
0.145
0.291
0.976
0.623
0.283
0.406
0.551
0.454
0.605
0.567
0.365
0.547
0.265
0.414
0.103
0.367
0.374
1.264
0.123
0.337
0.671
0.299
0.720
0.635
0.579
0.878
0.301
0.416
0.342
0.107
0.530
0.494
0.628
0.496
1.242
0.520
0.839
0.188
0.132
1.801
0.535
0.331
0.297
0.441
0.697
1.257
0.101
0.670
0.475
0.668
0.419
0.384
0.687
0.949
0.386
0.266
0.907
0.152
0.363
0.597
0.723
0.899
1.049
0.666
0.812
0.255
0.112
0.646
0.963
0.559
0.304
0.335
0.942
0.418
0.384
0.319
0.157
0.991
0.668
0.736
0.842
0.467
0.618
0.820
0.464
0.794
0.277
0.790
0.666
0.530
0.318
0.613
0.934
0.445
0.599
0.289
1.200
0.700
0.909
0.912
0.409
0.733
1.104
0.398
1.103
0.583
0.433
0.697
0.784
0.401
1.036
0.438
0.144
0.415
0.805
0.333
0.356
0.701
0.494
0.428
0.244
0.961
1.062
0.337
0.689
0.633
0.387
1.010
0.555
0.713
0.453
0.220
0.254
0.786
0.201
0.436
0.500
1.214
0.933
0.598
0.264
0.272
0.149
0.958
0.553
0.292
0.483
0.509
0.526
0.394
0.215
1.940
0.216
0.741
0.501
0.356
0.463
0.629
0.124
0.519
0.299
0.299
0.407
0.412
0.420
0.464
0.685
0.053
0.392
0.443
0.423
0.548
0.124
0.827
0.575
0.777
0.326
1.104
1.049
0.453
1.853
1.268
0.245
0.346
1.227
0.474
0.365
0.359
1.014
0.571
0.370
1.039
0.232
1.056
0.439
1.600
0.458
0.535
0.552
0.594
0.229
0.429
0.332
0.738
0.680
0.797
0.793
0.212
0.131
0.630
0.964
0.384
0.878
1.626
1.282
0.582
0.420
0.349
1.344
0.628
0.313
0.271
0.440
0.620
0.863
0.147
0.441
0.822
0.532
0.566
1.325
0.684
0.328
0.455
0.328
0.277
0.618
0.689
0.867
1.279
0.123
0.468
0.786
0.496
0.284
0.592
0.165
0.836
0.443
0.646
0.717
0.389
0.485
0.353
0.352
0.649
0.711
0.601
0.468
0.266
0.356
0.400
0.724
0.506
0.252
0.380
0.232
1.169
0.376
0.484
0.291
0.450
0.332
0.173
0.497
0.970
0.209
0.792
0.161
0.845
0.497
0.996
0.892
0.535
0.510
0.288
1.006
0.580
0.857
0.347
0.462
0.527
1.336
0.507
0.229
0.950
0.633
1.176
0.977
0.130
0.229
0.359
0.298
1.038
0.400
0.760
0.881
0.362
0.664
0.388
0.476
0.782
0.114
1.616
0.872
0.380
0.666
1.315
0.345
0.410
0.779
0.639
1.084
0.498
0.944
0.741
0.773
0.600
0.622
1.598
0.796
0.887
0.797
1.116
0.490
0.739
1.722
0.648
0.649
0.725
0.792
0.519
0.353
0.342
0.341
0.354
0.249
0.209
0.133
0.196
0.579
0.307
0.656
0.174
0.544
0.743
0.748
0.754
0.497
0.474
0.873
0.402
0.773
0.124
0.452
0.150
0.393
0.908
1.427
0.156
1.098
0.587
0.741
0.611
0.206
0.450
0.281
0.584
0.529
0.960
0.836
0.499
0.655
0.752
0.315
0.705
0.698
0.431
0.734
0.554
0.676
0.180
0.711
0.526
0.317
0.643
0.533
0.599
0.205
0.576
0.447
0.898
0.497
0.543
0.568
0.635
0.641
0.767
0.413
1.174
0.260
0.837
0.955
0.224
0.404
0.495
0.378
0.797
1.308
1.767
0.363
2.083
0.316
1.148
0.788
0.746
0.237
0.219
0.697
1.865
0.800
0.473
0.543
0.494
1.063
0.147
0.562
0.650
0.149
1.820
1.359
1.723
0.610
0.239
0.508
0.652
0.452
0.694
0.694
1.071
0.466
1.018
0.323
0.247
0.631
0.549
0.536
0.379
0.691
0.386
1.086
0.326
0.363
1.024
1.089
1.278
0.106
0.647
0.690
0.236
1.086
0.661
0.673
1.199
0.463
0.353
0.487
0.253
0.510
0.599
1.547
0.527
0.925
0.220
0.481
0.391
0.260
0.928
0.648
0.571
0.185
1.659
0.556
0.234
0.229
0.115
0.582
0.117
0.636
0.439
0.312
0.418
0.334
1.338
0.454
0.195
0.526
0.605
0.685
0.327
0.570
0.864
1.037
0.745
0.645
1.174
1.505
0.264
0.699
0.272
1.292
0.877
0.446
0.583
0.403
0.241
0.742
0.465
0.701
0.320
0.241
2.039
0.426
0.777
0.392
0.504
1.033
0.677
0.819
0.751
0.552
0.983
1.094
0.491
0.550
0.451
0.571
0.141
0.141
0.671
1.102
1.081
0.994
0.151
0.409
0.355
0.519
0.567
0.170
0.311
0.256
0.440
0.617
0.702
0.440
1.066
0.203
0.184
0.728
0.554
0.599
0.392
0.272
1.078
0.390
0.438
0.371
0.990
0.332
1.871
0.182
0.353
0.628
0.412
0.228
0.646
0.803
0.920
1.385
0.620
0.375
0.287
0.515
0.408
0.236
0.353
1.436
1.027
0.630
0.350
0.971
0.619
0.405
1.068
0.329
0.171
1.208
0.905
0.186
0.336
0.013
1.228
0.630
0.758
0.427
0.818
0.830
0.319
0.431
0.643
0.110
0.566
0.770
0.715
0.089
1.172
0.792
0.631
1.042
0.813
0.188
1.705
0.901
0.882
0.522
0.746
0.594
1.173
0.460
0.516
0.890
0.362
0.703
0.784
0.949
0.282
0.860
0.367
0.895
0.273
0.754
0.422
0.692
0.555
0.424
1.206
1.056
0.922
0.629
0.340
0.425
0.315
0.467
0.818
0.489
0.377
0.414
0.467
0.583
0.324
1.511
0.393
0.598
0.726
1.202
0.973
0.958
0.518
0.531
0.522
0.698
0.317
0.838
0.231
0.634
0.517
0.057
0.549
0.489
0.408
0.605
0.197
0.820
1.076
0.387
2.162
0.738
0.666
0.338
0.348
1.276
0.867
0.775
0.684
0.666
0.452
0.192
0.262
0.702
0.399
0.580
0.157
1.040
1.092
1.020
0.842
1.011
0.571
0.491
0.290
0.205
0.176
0.447
0.194
0.221
0.409
0.614
0.271
0.732
0.493
0.719
0.203
0.548
0.497
0.552
0.659
0.629
0.157
0.361
1.277
0.401
0.410
1.514
0.479
0.450
0.494
1.108
1.024
0.686
0.709
0.521
0.551
0.740
0.366
1.103
0.390
0.621
0.410
0.669
0.465
0.650
0.741
0.792
0.326
0.562
0.532
0.647
0.613
0.290
0.323
0.748
0.154
0.080
0.468
0.310
1.477
0.572
0.255
0.251
0.988
0.234
0.470
0.378
0.268
0.658
1.138
0.760
0.538
0.737
0.684
0.851
0.797
0.517
0.733
0.737
0.743
0.609
0.421
0.346
0.309
0.441
0.306
1.013
1.167
0.805
0.880
0.533
0.667
0.467
0.207
0.593
1.039
1.064
0.411
0.822
0.606
0.134
0.562
0.964
0.937
0.383
1.386
1.100
0.502
0.709
1.012
0.880
0.846
0.700
1.950
0.879
0.378
0.430
0.365
0.260
0.533
0.474
0.696
0.486
0.597
0.478
1.316
0.395
0.998
0.706
0.051
0.500
0.609
0.931
0.885
0.340
0.363
0.303
0.774
0.364
0.224
0.545
0.970
0.845
0.554
0.675
0.759
0.722
0.231
0.911
0.456
0.788
0.670
0.268
1.426
0.585
0.715
0.378
1.449
0.186
0.343
0.323
0.441
0.437
1.779
0.540
0.681
0.599
0.650
0.604
1.090
0.098
0.281
0.649
0.535
0.500
0.978
0.276
0.934
0.490
0.513
0.491
0.440
0.284
0.826
0.674
0.450
0.310
0.457
0.296
1.736
0.374
0.309
0.065
0.562
0.193
0.375
0.525
0.524
0.781
0.473
0.395
0.400
0.547
0.507
0.936
0.831
0.491
0.448
0.675
0.386
0.034
0.421
0.620
0.525
0.906
0.347
1.058
0.078
1.041
0.170
0.658
0.474
0.405
0.546
0.482
0.560
0.989
0.270
0.402
0.589
0.102
0.451
1.328
0.496
0.376
0.848
0.196
0.501
0.292
0.639
1.393
0.642
0.591
0.108
0.380
0.322
0.735
0.162
0.051
1.366
0.390
0.146
0.892
0.264
0.268
0.662
0.602
0.989
1.185
0.740
0.724
0.078
0.209
0.391
0.415
0.591
0.478
0.499
0.600
0.757
0.656
0.500
1.544
0.850
0.218
0.632
0.575
0.482
0.518
0.935
0.661
0.382
0.254
1.549
0.746
0.309
0.412
0.360
0.411
0.127
0.480
0.789
0.189
0.708
0.978
0.355
0.101
0.619
0.288
0.824
0.480
0.284
0.180
1.203
0.406
0.114
1.343
0.737
0.145
0.723
0.529
0.779
0.761
0.684
0.592
0.996
0.354
0.525
0.265
0.601
0.203
0.481
0.660
0.618
1.095
0.517
0.279
0.723
0.442
0.456
0.458
0.632
0.674
1.319
0.390
0.980
0.738
1.511
1.079
0.329
0.213
0.683
0.314
0.280
0.701
0.177
1.161
0.972
0.928
0.940
0.572
0.417
0.670
0.259
0.630
0.766
0.444
0.742
0.646
0.220
0.345
0.509
0.322
0.596
0.595
0.903
0.316
1.198
0.522
0.915
0.251
0.338
0.511
0.716
0.686
0.732
0.391
0.995
1.197
0.706
0.533
0.964
0.214
0.923
0.910
0.264
0.654
0.588
0.920
0.323
1.004
0.487
0.388
0.089
0.300
0.641
0.861
0.626
0.489
0.265
0.310
0.916
0.137
0.670
1.048
0.605
0.413
0.251
0.369
0.455
0.138
0.850
0.845
0.048
0.810
0.792
0.522
0.453
1.359
1.150
0.682
1.231
1.182
0.847
1.169
0.412
0.446
0.863
0.643
0.775
0.373
0.406
0.627
0.186
1.091
0.348
0.904
0.376
0.614
0.546
0.845
0.586
0.426
1.639
0.382
0.439
0.722
0.617
0.705
0.905
0.385
0.327
0.318
0.331
0.927
0.855
0.110
0.387
0.084
0.546
0.355
0.400
0.436
0.758
0.430
0.138
0.183
0.281
0.428
0.444
0.399
0.579
0.291
0.511
0.144
0.429
0.847
0.349
0.438
0.283
0.416
0.671
0.647
0.380
0.278
0.515
0.107
0.344
1.367
0.885
0.278
0.938
0.293
0.622
0.543
0.781
0.694
0.676
1.276
0.827
1.188
0.475
0.257
0.968
0.792
0.921
0.521
0.461
0.535
0.550
0.253
0.770
0.745
0.743
0.460
0.398
0.212
0.277
0.482
0.394
0.195
0.663
0.420
0.810
0.524
0.928
0.523
0.702
0.738
1.193
0.172
0.494
0.438
1.355
1.110
0.859
0.249
0.621
1.286
0.372
0.875
2.540
1.632
0.283
0.380
0.375
0.221
0.398
1.226
1.064
1.719
0.666
0.274
1.528
0.927
0.862
0.766
0.305
1.016
0.408
0.100
0.655
0.538
0.765
0.311
0.158
1.367
1.053
0.294
0.789
0.499
0.416
0.113
0.310
0.160
0.551
0.600
0.900
0.322
0.709
0.425
0.407
1.033
0.505
0.185
0.290
0.431
0.364
1.051
0.461
1.019
0.750
0.492
0.765
1.310
0.291
0.314
1.298
0.422
0.466
0.799
0.595
1.087
0.226
0.260
0.678
0.833
0.352
0.719
0.543
0.179
0.572
0.912
0.605
0.338
0.849
0.829
0.479
0.205
0.260
1.295
0.514
0.234
1.346
0.468
0.706
1.209
0.496
0.162
0.580
0.496
0.493
0.534
0.306
0.199
0.697
0.638
1.012
0.601
0.950
0.294
0.290
0.471
0.678
0.153
0.632
0.617
0.420
0.959
0.949
1.246
0.690
0.379
0.481
1.128
0.676
0.769
0.542
0.611
0.321
1.158
0.500
0.181
0.366
0.826
0.248
0.797
0.815
0.252
1.451
0.583
0.931
0.177
0.858
0.908
0.152
1.405
0.504
0.489
0.763
0.509
0.413
0.789
0.897
0.171
0.739
0.746
0.486
1.156
1.459
0.176
0.861
0.455
0.301
1.200
0.691
0.336
1.430
0.638
0.518
0.788
0.542
1.491
0.815
1.469
0.539
0.170
0.387
0.455
1.268
0.463
1.010
0.639
0.656
0.391
0.150
0.364
0.297
0.239
0.764
0.535
0.488
0.423
1.164
0.348
0.365
0.267
0.656
0.356
1.158
0.507
0.238
0.856
0.596
0.185
0.695
0.254
0.329
0.670
0.527
0.984
0.572
0.547
1.429
0.200
0.432
0.757
0.685
1.042
0.830
0.779
0.166
0.189
0.315
0.477
0.753
0.081
0.289
1.076
1.220
1.087
0.649
0.264
0.329
0.380
0.465
0.279
0.708
0.250
0.690
0.152
0.339
0.826
0.517
0.606
0.200
0.427
0.748
0.385
0.174
0.429
0.279
0.788
0.785
0.302
0.801
0.676
0.307
0.867
0.466
0.583
0.383
0.424
0.437
0.863
0.256
0.361
0.307
0.130
0.449
0.109
0.626
0.320
0.112
0.581
0.576
0.611
0.431
0.418
0.815
0.608
0.202
0.507
0.477
0.477
0.442
0.589
0.576
0.196
0.661
0.866
0.384
0.402
0.636
0.715
0.650
0.393
1.084
0.457
1.645
0.522
0.218
0.350
0.616
1.059
0.348
0.397
0.397
2.781
1.019
0.631
0.497
1.107
0.588
0.350
1.409
0.792
0.743
0.307
0.257
0.268
0.534
1.572
0.674
0.423
0.508
1.280
0.596
0.554
0.812
0.497
0.269
0.588
0.819
1.432
0.441
0.157
0.569
0.737
0.595
0.481
1.403
0.063
0.808
0.522
1.119
0.139
0.572
0.411
0.247
0.334
0.432
0.214
0.612
0.741
0.472
0.728
0.614
0.440
0.822
0.607
0.940
0.602
0.897
0.852
0.162
0.642
0.167
0.452
0.281
2.128
0.364
0.567
1.453
1.094
0.761
0.734
0.586
0.886
1.270
0.388
0.626
0.645
1.287
0.963
0.441
0.279
0.574
0.244
0.641
0.821
1.196
0.435
0.493
0.409
0.737
0.166
0.621
0.454
0.354
0.504
0.339
1.956
1.606
0.636
1.156
0.575
1.204
0.345
0.151
0.465
0.667
0.156
1.168
1.356
0.289
0.630
0.220
0.868
1.620
1.209
0.891
0.535
0.347
0.303
0.458
0.599
0.953
0.992
0.270
0.531
0.838
0.810
1.148
0.582
1.033
0.438
0.849
0.310
0.723
1.592
0.652
1.569
0.415
0.658
0.805
0.441
0.592
0.249
0.922
0.864
0.116
0.713
0.236
0.356
0.146
0.183
0.811
0.436
0.862
0.951
1.063
0.700
0.768
0.610
0.075
0.971
0.913
0.449
0.624
1.203
0.851
0.238
0.576
0.228
1.115
0.207
1.462
0.271
0.142
0.281
0.795
0.449
0.682
0.713
0.409
0.403
0.395
0.424
0.831
0.165
0.215
1.235
0.486
0.388
0.560
0.681
0.264
1.155
0.650
0.941
0.334
0.280
0.142
0.518
0.430
0.738
0.586
0.728
1.075
0.909
0.917
0.461
0.280
0.945
1.248
0.130
0.749
0.094
0.336
0.440
0.105
0.425
0.262
0.671
0.566
1.324
0.409
1.270
0.497
0.553
0.663
0.915
0.552
0.198
0.742
0.336
0.270
0.882
0.164
0.987
0.500
0.957
0.815
0.197
1.132
0.501
0.465
0.837
0.328
1.083
0.279
0.766
0.597
