0.251	5.526
0.733	5.999
1.036	6.360
0.781	6.371
0.298	6.376
2.292	6.510
1.921	6.885
1.370	6.898
0.809	6.982
1.440	7.073
2.480	7.322
2.395	7.326
3.214	7.390
2.594	7.482
3.455	7.653
5.200	7.739
3.170	7.766
4.867	7.996
3.863	7.997
5.459	8.020
5.785	8.177
5.749	8.583
4.907	8.654
6.012	8.691
5.664	8.975
6.869	9.037
6.699	9.226
6.884	9.301
6.648	9.438
8.707	9.460
5.800	9.509
8.472	9.730
8.854	9.975
8.974	9.989
8.845	10.011
7.048	10.072
8.980	10.209
9.156	10.307
9.647	10.441
9.344	10.490
8.990	10.734
10.607	11.082
10.857	11.120
10.687	11.300
10.801	11.552
11.069	11.682
11.105	11.949
11.137	11.962
11.369	12.019
10.944	12.049
12.083	12.457
11.290	12.650
11.745	12.890
12.192	12.933
11.875	13.064
12.025	13.107
12.316	13.153
12.089	13.177
12.344	13.474
12.306	13.775
12.708	14.068
12.772	14.247
12.874	14.394
13.425	14.440
13.936	14.904
14.125	14.985
13.450	14.986
12.860	15.105
14.484	15.209
15.048	15.571
15.219	15.577
15.282	15.817
14.537	15.864
15.156	15.900
15.671	16.130
15.338	16.168
15.345	16.190
15.673	16.535
15.861	16.627
16.675	16.789
16.345	16.839
16.345	16.877
16.877	17.053
15.754	17.335
16.309	17.440
16.795	17.534
17.002	17.638
17.008	17.785
16.991	17.916
17.014	17.980
17.320	17.984
17.452	18.317
17.941	18.553
18.254	18.714
17.554	18.802
17.661	18.977
18.334	19.002
18.317	19.086
19.001	19.185
18.422	19.350
18.398	19.350
19.011	20.111
19.068	20.134
19.253	20.323
19.461	20.338
19.228	20.426
18.731	20.479
20.834	21.295
20.625	21.359
20.274	21.461
21.081	21.492
20.920	21.746
21.115	22.290
22.525	22.596
21.297	22.602
22.085	22.613
23.045	23.241
22.534	23.354
23.245	23.702
23.004	23.934
24.074	24.363
23.544	24.407
23.926	24.421
23.328	24.574
24.046	24.584
24.567	24.765
24.379	24.950
24.310	25.148
24.967	25.241
25.024	25.912
25.410	25.994
25.863	26.044
25.460	26.608
26.169	26.763
26.415	26.949
26.678	27.023
26.723	27.182
26.913	27.627
26.815	27.695
26.748	27.732
26.777	27.835
27.351	27.843
26.997	27.935
26.576	28.148
28.314	28.652
27.778	28.703
28.382	28.858
28.837	29.316
28.627	29.435
28.964	29.641
29.007	29.664
29.454	29.929
29.014	30.059
28.871	30.169
29.800	30.169
29.027	30.289
29.804	30.444
29.910	30.563
30.203	30.632
29.738	30.680
30.491	30.887
30.446	31.083
30.927	31.136
30.660	31.415
30.727	31.605
31.144	31.665
30.269	31.714
30.818	31.972
31.951	32.409
31.371	32.494
32.381	32.618
32.122	32.688
31.185	32.770
32.307	33.274
32.993	33.658
33.263	33.753
33.302	33.800
33.537	34.192
33.986	34.524
34.434	35.145
35.199	35.460
35.502	35.665
35.217	35.956
35.366	36.271
36.148	36.362
36.349	36.519
36.410	36.588
36.540	36.789
35.722	37.279
36.878	37.333
36.863	37.443
37.109	37.475
37.148	37.818
37.617	38.131
37.880	38.261
37.984	38.514
37.888	38.599
38.600	38.646
38.674	38.776
38.642	38.959
38.736	39.115
38.804	39.300
39.131	39.692
39.631	40.042
39.476	40.089
39.687	40.317
39.964	40.493
40.081	40.519
40.329	40.701
40.080	40.809
40.603	40.843
40.696	41.144
40.540	41.553
40.314	41.568
40.831	41.743
41.556	41.929
42.081	42.272
42.301	42.942
42.584	42.993
41.702	43.307
42.409	43.328
42.702	43.420
42.557	43.474
43.184	43.971
43.966	44.253
44.141	45.056
44.177	45.148
44.845	45.516
45.473	45.680
43.844	45.693
45.519	45.806
45.463	46.002
45.826	46.156
45.451	46.285
46.088	46.316
45.959	46.392
45.934	46.412
46.002	46.439
46.655	46.862
46.593	47.032
46.573	47.296
46.785	47.325
47.508	47.834
47.766	47.836
47.755	48.137
48.065	48.320
47.671	48.410
48.095	48.795
48.557	49.045
48.913	49.135
48.841	49.285
49.145	49.702
48.990	49.749
49.304	49.771
49.130	49.928
49.400	50.060
49.008	50.109
49.436	50.227
49.862	50.331
49.451	50.380
50.345	50.584
50.188	50.970
50.562	51.131
50.959	51.212
50.935	51.716
51.153	51.720
51.317	51.735
50.757	51.878
51.683	51.937
51.610	52.206
52.129	52.346
52.293	52.420
51.270	52.471
52.313	52.520
51.449	52.854
52.763	53.082
52.422	53.267
52.987	53.494
52.878	53.526
53.120	53.638
53.583	53.968
53.744	54.312
53.705	54.429
53.968	54.508
54.143	54.673
54.682	55.395
53.807	55.400
54.741	55.775
54.893	55.837
55.762	55.877
55.749	56.319
56.092	56.386
55.739	56.427
55.862	56.454
55.570	56.626
57.370	57.633
57.219	57.718
56.196	57.827
57.807	58.068
58.063	58.487
57.479	58.506
57.891	58.821
57.989	58.908
58.111	59.227
58.466	59.283
58.833	59.466
58.534	59.526
59.096	59.873
59.055	60.235
59.804	60.241
59.846	60.275
59.931	60.464
60.142	60.627
60.259	60.773
60.423	60.879
60.142	60.998
60.956	61.188
59.943	61.257
61.518	61.849
61.387	61.903
61.522	62.087
61.021	62.134
60.682	62.229
61.416	62.322
61.798	62.397
61.727	62.440
62.447	62.892
62.063	62.991
62.570	63.201
62.770	63.487
62.788	63.535
63.041	63.823
63.574	63.957
64.613	65.078
64.959	65.252
65.092	65.366
64.644	65.367
64.822	65.468
65.104	65.748
65.123	65.872
65.793	65.900
65.960	66.231
66.187	66.700
66.688	67.170
66.619	67.468
66.744	67.623
67.572	67.827
67.421	67.909
68.029	68.186
67.275	68.235
67.523	68.474
68.141	68.495
68.385	68.767
68.304	68.774
68.625	68.798
68.556	68.970
69.126	69.256
68.287	69.264
68.635	69.344
69.676	69.737
68.823	69.767
69.496	70.161
70.239	70.484
69.168	70.510
69.906	70.588
70.200	70.620
70.255	70.894
70.613	71.190
70.720	71.258
70.758	71.539
70.467	71.583
70.274	71.806
71.133	72.148
70.985	72.294
72.750	72.944
73.194	73.436
72.734	73.475
72.816	73.632
73.302	73.653
72.850	73.738
73.643	73.741
73.316	74.001
73.396	74.115
73.634	74.376
73.947	74.442
75.200	75.742
74.878	75.841
75.834	76.188
75.637	76.261
76.002	76.455
75.847	76.904
76.644	77.064
76.673	77.291
76.732	77.578
77.114	77.636
77.540	78.151
77.258	78.179
77.684	78.310
76.954	78.436
77.984	78.646
77.594	78.650
78.196	78.789
78.109	79.095
77.939	79.186
78.800	79.357
77.741	79.508
78.961	79.573
79.761	80.093
80.192	80.311
79.546	80.643
80.137	80.733
79.993	80.942
80.242	81.005
80.729	81.036
80.671	81.190
80.426	81.277
80.861	81.285
80.772	81.323
80.490	81.372
80.985	81.822
81.684	82.249
81.864	82.327
81.854	82.383
81.496	82.471
82.291	82.654
81.957	82.834
81.432	82.881
82.518	83.040
82.575	83.416
83.081	83.472
83.101	83.544
82.304	83.611
83.771	84.379
83.826	84.571
84.979	85.530
85.608	86.079
85.723	86.568
86.316	86.782
85.917	86.788
86.110	86.934
86.715	87.161
86.455	87.184
86.546	87.253
87.102	87.342
87.480	87.713
87.518	88.086
86.471	88.240
86.968	88.274
88.412	88.886
88.082	88.979
88.997	89.292
88.707	89.332
88.245	89.367
89.731	90.215
90.049	90.339
89.836	90.385
89.820	90.741
90.557	90.913
90.608	90.972
90.821	91.155
90.371	91.168
90.889	91.243
90.818	91.677
91.012	91.719
91.696	91.973
92.261	92.777
92.638	92.806
92.485	92.855
92.864	93.213
93.111	93.445
92.802	93.476
92.804	93.519
93.046	93.722
93.576	93.768
93.702	94.050
93.816	94.132
93.903	94.304
93.654	94.473
93.248	94.587
94.079	94.778
94.396	94.945
94.179	94.966
94.243	95.124
95.078	95.351
95.072	95.362
94.556	95.403
94.620	95.597
95.234	95.674
95.228	95.960
95.463	96.295
95.654	96.344
95.561	96.355
95.641	96.541
95.814	96.662
95.839	96.705
95.978	96.771
95.804	96.800
95.621	96.806
96.319	96.884
96.850	97.278
97.221	97.383
96.070	97.429
96.865	97.489
97.689	97.884
97.056	97.901
97.334	97.995
97.666	98.107
97.701	98.156
96.074	98.270
98.085	98.681
98.386	98.695
98.330	98.731
98.273	98.902
98.871	99.177
99.211	99.380
99.398	99.532
99.170	99.563
99.298	99.688
99.617	99.823
99.782	99.828
99.935	100.190
99.893	100.301
99.566	100.641
100.308	100.663
100.436	100.789
100.138	101.010
100.945	101.374
100.481	101.424
100.817	101.502
101.433	101.964
101.562	102.229
102.275	102.363
101.489	102.551
102.457	102.620
102.263	103.086
102.262	103.146
102.944	103.162
103.269	103.759
103.414	103.817
103.624	104.233
102.848	104.264
103.932	104.483
104.646	104.907
104.002	104.989
105.014	105.242
105.072	105.321
104.302	105.412
104.979	105.558
105.519	105.965
104.996	106.604
106.305	106.783
105.955	106.813
106.469	107.015
106.863	107.252
106.376	107.366
107.733	108.134
107.888	108.245
107.730	108.424
108.123	108.426
106.703	108.762
108.381	108.981
107.717	108.984
108.568	109.069
109.223	109.737
109.175	109.795
109.049	109.810
109.341	109.838
108.981	109.859
110.170	110.585
109.605	111.154
110.680	111.282
110.920	111.527
111.259	111.753
111.029	111.755
111.483	111.899
110.785	111.918
111.595	112.208
112.225	112.295
112.042	112.424
112.293	112.449
112.630	112.935
112.436	113.134
112.820	113.237
112.945	113.505
113.186	113.527
113.417	113.871
113.645	113.895
113.607	113.936
113.726	114.017
113.103	114.055
113.699	114.109
113.767	114.147
113.938	114.197
114.223	114.360
114.858	115.279
114.893	115.294
114.109	115.312
115.015	115.501
114.897	115.550
113.782	115.686
114.955	115.799
114.811	115.980
115.726	116.007
115.911	116.450
115.981	116.478
116.289	116.510
115.120	116.645
117.320	117.903
117.557	118.055
116.885	118.076
117.926	118.277
117.826	118.487
118.391	118.923
118.231	119.059
118.583	119.148
118.469	119.206
118.883	119.375
119.465	120.288
119.705	120.516
120.072	120.580
120.395	120.803
120.540	121.676
121.394	121.890
121.585	122.104
122.276	122.611
122.600	122.770
123.024	123.138
122.656	123.294
123.197	123.497
122.837	123.563
123.051	123.659
123.904	123.999
124.046	124.194
123.497	124.459
123.842	124.515
124.225	124.614
123.752	124.740
124.454	124.767
124.286	125.034
124.735	125.081
125.154	125.644
125.171	125.844
125.252	125.900
125.405	125.973
125.660	126.207
125.441	126.215
126.689	126.919
126.260	127.051
126.426	127.177
126.111	127.295
126.812	127.562
127.805	127.882
127.343	127.969
127.416	127.978
128.026	128.767
128.406	128.802
128.449	129.221
128.461	129.424
128.611	129.427
128.702	129.484
128.372	129.501
128.738	129.509
129.212	129.781
129.397	129.787
129.369	130.624
129.832	130.761
130.342	130.860
130.622	131.223
130.300	131.329
130.740	131.348
130.780	131.416
131.282	131.723
131.059	131.937
130.873	132.007
131.642	132.117
131.639	132.218
131.739	132.343
132.396	132.499
132.890	132.925
132.908	133.188
132.669	133.189
132.673	133.604
133.265	133.721
133.438	133.799
133.695	133.930
133.842	134.123
133.383	134.227
133.760	134.360
134.221	134.681
134.801	135.041
134.861	135.407
134.897	135.488
135.228	135.552
135.260	135.779
135.204	135.833
135.740	136.116
135.175	136.399
135.736	136.402
136.140	136.546
135.636	136.612
136.617	137.071
136.537	137.088
136.820	137.425
137.168	137.533
137.069	137.636
137.425	137.972
137.844	138.109
137.884	138.298
138.514	138.617
138.652	139.019
139.066	139.440
139.419	139.542
139.452	139.789
139.566	140.237
140.021	140.320
139.183	140.447
140.068	140.788
140.078	140.872
140.307	140.899
140.912	141.213
141.063	141.320
140.415	141.325
140.955	141.371
141.057	141.399
141.604	142.134
141.999	142.493
142.495	143.123
142.765	143.261
143.088	143.449
142.990	143.510
143.150	143.581
143.062	143.962
142.823	144.065
144.303	144.634
144.231	144.766
144.747	145.044
145.140	145.581
145.513	145.682
144.196	145.997
145.324	146.021
145.575	146.352
145.426	146.683
146.376	146.851
146.842	147.261
146.709	147.377
147.013	147.397
147.352	147.663
147.193	147.763
147.166	147.853
147.888	148.040
147.184	148.210
147.389	148.570
148.724	149.087
149.093	149.690
149.158	149.881
149.236	150.135
149.636	150.685
150.044	150.710
150.683	150.938
151.078	151.190
150.476	151.288
151.223	151.869
151.368	151.927
151.674	151.978
151.224	152.187
151.707	152.204
151.877	152.396
152.158	152.571
152.595	152.752
151.727	152.869
152.581	152.900
153.029	153.697
153.121	153.857
152.955	153.946
153.744	154.211
153.568	154.410
154.228	154.846
154.522	154.986
154.256	155.076
154.662	155.123
154.568	155.362
154.993	155.783
155.970	156.288
155.853	156.383
155.824	156.490
156.370	156.983
156.901	157.346
156.682	157.616
157.066	157.665
157.652	157.941
158.542	159.242
158.154	159.354
158.557	159.466
158.575	159.487
158.642	159.651
159.462	159.885
158.663	160.087
159.696	160.468
159.916	160.520
159.434	160.570
159.530	160.754
160.613	161.014
160.316	161.165
160.926	161.309
160.602	161.386
160.903	161.452
161.056	161.724
160.704	161.790
161.421	162.226
161.958	162.291
162.151	162.507
162.585	163.286
162.977	163.471
163.327	163.571
163.175	163.603
163.847	164.184
163.856	164.545
163.595	164.556
164.198	164.831
163.840	164.902
164.253	164.932
164.904	165.459
165.026	165.479
164.916	165.629
165.079	165.679
165.084	165.733
164.732	165.742
165.223	165.880
165.465	166.169
165.735	166.242
165.125	166.415
165.764	167.094
166.264	167.197
166.676	167.274
167.231	167.495
167.480	167.752
167.629	167.778
167.839	168.392
167.640	168.598
168.543	168.835
168.690	169.173
168.726	169.235
169.551	170.077
169.824	170.218
170.207	170.422
170.496	170.712
170.645	171.146
170.869	171.225
170.593	171.334
171.555	171.679
171.402	171.865
171.409	172.038
171.815	172.164
170.244	172.184
171.617	172.198
171.987	172.337
172.741	173.148
172.822	173.234
173.215	173.635
174.007	174.060
173.858	174.322
173.904	174.589
174.376	174.768
174.409	174.852
174.459	174.882
174.597	174.892
174.498	175.137
174.958	175.785
175.321	175.896
175.615	175.941
175.491	176.268
176.434	176.887
175.637	176.889
177.004	177.249
176.349	177.398
177.107	177.595
176.941	178.209
176.437	178.290
178.024	178.498
178.040	178.574
178.483	178.842
177.681	178.908
178.729	179.212
178.690	179.261
179.136	179.444
178.593	179.607
179.340	179.883
178.942	179.981
179.163	180.317
179.557	180.341
179.742	180.516
180.040	180.745
179.964	180.869
179.971	180.935
180.124	181.174
180.225	181.201
179.448	181.207
180.264	181.673
180.466	181.854
180.973	181.885
180.974	181.985
180.673	181.998
180.782	182.000
181.472	182.382
181.020	182.515
181.521	182.878
181.197	182.949
181.987	183.369
181.957	183.460
182.051	183.718
181.938	183.797
181.651	184.008
182.419	184.110
183.096	184.279
182.360	184.346
183.132	184.550
183.618	184.595
182.074	184.804
183.156	184.899
184.000	184.991
183.210	185.209
184.302	185.336
184.076	185.417
184.734	185.465
185.361	185.689
185.134	185.893
185.641	186.096
185.876	186.204
185.063	186.388
186.130	186.407
186.265	186.883
186.492	187.181
187.243	187.366
187.027	187.894
187.807	188.275
187.078	188.357
188.161	188.445
188.350	188.522
188.043	188.539
187.844	188.630
188.234	188.867
188.530	188.973
188.383	189.281
189.020	189.409
188.857	189.503
189.039	189.524
189.040	189.634
188.967	189.684
189.156	189.761
189.378	190.152
189.431	190.235
189.442	190.235
190.473	190.941
191.270	191.536
191.315	191.671
192.039	192.439
192.306	192.558
192.337	192.717
192.528	192.760
192.274	192.780
192.159	192.883
192.831	193.207
193.379	193.670
193.225	193.709
192.580	193.749
193.384	193.834
193.754	194.086
194.084	194.257
194.690	195.187
195.043	195.252
195.460	195.621
194.848	195.818
195.534	196.031
195.407	196.199
195.526	196.371
195.956	196.566
195.631	196.627
196.270	196.659
195.633	196.710
196.216	196.726
196.797	197.144
196.432	197.207
196.405	197.572
196.782	197.639
197.216	197.678
197.870	198.099
197.688	198.215
197.851	198.358
197.893	198.843
198.796	198.973
197.821	199.157
198.527	199.160
198.855	199.202
198.561	199.737
198.778	199.755
199.910	200.208
199.900	200.259
200.084	200.484
200.074	201.112
200.973	201.335
200.632	201.392
201.254	201.642
200.875	201.756
201.260	201.811
201.710	201.824
201.170	201.834
201.356	202.174
202.607	202.987
202.571	203.443
203.487	204.153
202.544	204.160
203.915	204.260
203.952	204.362
204.384	204.882
204.315	204.954
204.205	204.984
203.866	205.181
204.347	205.431
204.627	205.695
204.931	205.757
204.953	205.781
204.539	205.826
205.029	206.053
205.466	206.553
205.716	206.668
206.055	206.852
206.583	207.073
205.207	207.293
206.381	207.497
207.087	207.826
207.263	207.911
207.367	208.016
207.508	208.233
207.526	208.618
208.143	208.662
208.524	208.877
208.544	208.886
207.256	208.978
208.773	209.114
209.108	209.462
209.518	209.767
209.623	209.832
209.774	209.907
209.859	210.055
210.185	210.492
210.076	210.655
210.865	211.039
210.835	211.491
211.163	211.707
211.302	212.045
211.330	212.078
211.583	212.337
211.999	212.496
212.109	212.583
212.436	212.620
212.336	212.738
212.495	212.770
212.440	213.035
212.247	213.120
212.355	213.128
212.802	213.195
213.123	213.279
212.860	213.768
213.584	214.171
214.048	214.377
213.346	214.444
213.014	214.462
213.945	214.556
213.907	214.648
214.271	214.725
214.217	214.827
214.580	215.164
214.795	215.324
215.103	215.602
214.798	215.758
215.136	215.819
215.097	215.933
215.558	216.310
216.102	216.417
216.351	216.782
216.201	216.906
216.211	216.909
217.495	217.675
217.011	217.745
217.313	217.867
217.398	218.074
218.028	218.345
217.832	218.358
217.720	218.431
218.671	219.314
219.127	219.660
219.260	219.859
219.729	219.934
219.903	220.479
220.387	220.834
221.012	221.509
220.862	221.760
221.377	221.920
221.886	222.454
222.076	222.711
222.083	222.724
222.363	222.867
222.485	222.984
222.239	223.006
222.918	223.230
223.032	223.634
222.656	223.704
222.440	223.885
222.832	223.939
223.353	224.082
223.196	224.129
223.664	224.492
223.361	224.682
224.073	224.998
223.438	225.247
223.578	225.849
224.174	226.035
224.128	226.146
224.291	226.272
224.439	226.365
223.728	226.575
224.257	226.595
224.535	226.969
225.297	227.068
225.275	227.375
225.335	227.512
225.413	227.562
225.885	227.659
225.903	228.124
225.934	228.181
224.696	228.230
225.915	228.309
225.693	228.438
227.142	228.677
227.075	228.919
227.230	229.185
226.147	229.540
227.679	229.571
228.845	229.637
226.004	229.944
226.651	229.953
228.996	230.234
229.086	230.265
229.416	230.410
230.193	230.512
229.916	230.557
229.096	230.708
229.429	230.971
230.852	231.483
231.136	231.685
231.268	231.804
232.505	232.884
233.119	233.505
232.978	233.669
233.350	233.676
233.564	233.927
234.272	234.378
233.313	234.399
233.695	234.719
234.591	235.238
234.164	235.253
235.044	235.280
234.263	235.541
234.890	235.580
235.089	235.914
235.561	236.234
235.083	236.324
236.502	236.965
236.619	236.972
235.993	237.192
237.047	237.300
236.910	237.397
237.070	237.580
237.184	237.783
237.617	237.837
237.449	237.976
238.089	238.349
238.029	238.420
237.548	238.473
238.011	238.492
237.278	238.825
238.651	238.836
238.449	239.044
238.275	239.068
238.117	239.277
239.263	239.497
239.016	239.572
239.489	239.604
239.462	239.691
239.932	240.049
239.626	240.208
238.741	240.484
240.778	241.217
240.593	241.229
240.965	241.277
241.040	241.374
240.996	241.414
241.408	241.603
241.334	241.788
241.705	242.231
241.077	242.555
242.233	242.838
242.498	243.183
243.348	243.675
243.561	244.131
243.602	244.466
243.767	244.804
244.197	244.842
244.173	244.918
245.293	245.557
244.409	245.583
245.601	245.873
245.512	246.211
245.237	246.742
246.570	247.016
246.735	247.145
246.585	247.168
246.864	247.257
246.474	247.351
247.070	247.633
246.427	247.719
246.883	247.887
247.645	247.965
247.988	248.229
247.591	248.292
248.739	249.165
248.928	249.320
248.996	249.500
248.743	249.520
249.287	249.997
248.085	250.124
249.135	250.198
249.614	250.365
249.551	250.370
250.257	250.809
250.336	251.319
250.939	251.430
251.138	251.688
251.246	251.697
250.704	251.798
251.800	251.941
252.023	252.164
251.774	252.345
253.028	253.699
253.906	254.057
253.145	254.247
253.189	254.270
254.026	254.412
254.005	254.414
254.260	254.582
254.407	254.725
253.772	254.766
254.061	254.766
254.088	254.837
254.435	254.838
254.602	255.165
255.058	255.675
255.420	256.122
256.109	256.312
256.175	256.359
255.970	256.410
256.543	257.097
256.104	257.170
256.445	257.173
256.879	257.271
257.078	257.369
256.838	257.437
257.402	257.792
257.709	258.080
257.701	258.139
257.378	258.456
258.574	258.906
258.848	259.030
258.872	259.225
258.259	259.249
259.460	259.688
259.430	259.842
259.326	259.954
259.692	260.338
259.790	260.593
258.832	260.703
260.455	260.968
260.525	260.990
260.116	261.036
260.431	261.051
260.615	261.483
261.422	261.658
260.277	261.662
261.407	261.815
261.522	261.875
262.387	262.737
261.941	262.968
262.350	262.980
261.598	263.034
262.580	263.551
264.031	264.436
263.876	264.495
264.408	264.579
264.255	264.584
265.004	265.190
264.199	265.267
265.337	265.350
265.167	265.503
264.509	265.717
264.919	265.824
265.515	266.145
265.339	266.567
266.209	266.636
266.072	266.830
266.507	266.886
266.238	267.056
266.628	267.067
267.016	267.126
266.321	267.151
266.932	267.575
267.607	267.696
267.299	267.865
267.305	268.075
267.472	268.187
267.746	268.538
268.169	268.800
267.630	268.802
268.823	269.011
268.413	269.455
268.733	269.546
268.861	269.762
269.370	269.977
269.131	270.013
269.578	270.324
269.859	270.453
268.832	270.537
270.649	271.109
270.814	271.330
271.103	271.465
270.480	271.653
271.048	271.938
271.235	271.938
271.252	272.114
272.088	272.370
272.116	272.483
272.491	272.764
271.933	272.882
272.102	272.962
272.574	273.186
272.553	273.307
272.458	273.353
272.806	273.574
273.265	273.820
273.475	273.899
274.186	274.526
274.160	274.789
273.727	274.933
274.237	274.951
274.139	275.061
274.044	275.100
274.501	275.104
274.819	275.400
275.051	275.477
275.092	275.518
275.050	275.550
274.889	275.769
275.233	275.867
275.378	276.060
275.736	276.060
276.685	277.078
275.907	277.418
277.272	277.870
277.674	278.400
278.591	279.109
278.460	279.433
278.274	279.476
278.545	279.503
279.309	279.840
279.657	279.974
279.813	280.071
279.613	280.135
279.655	280.353
280.398	280.455
279.759	280.597
280.164	280.681
280.074	280.708
280.522	281.071
281.405	281.602
281.228	281.636
281.225	281.714
281.305	281.910
281.910	282.297
281.488	282.308
281.608	282.684
282.632	282.970
282.746	283.094
282.492	283.158
282.458	283.196
282.826	284.246
283.550	284.325
283.679	284.363
283.548	284.415
283.972	284.555
282.415	284.577
284.328	284.677
283.954	284.777
283.862	284.912
284.879	285.036
284.741	285.140
284.416	285.257
284.832	285.412
285.866	286.906
286.141	286.983
285.980	287.072
286.086	287.106
286.299	287.310
286.479	287.474
286.325	287.477
287.277	287.567
287.495	287.700
287.644	287.820
287.929	288.376
288.257	288.451
288.324	288.545
288.338	288.747
288.752	289.023
288.676	289.290
289.173	289.666
289.053	289.785
290.229	290.432
290.027	290.746
290.235	290.783
290.301	290.798
290.903	291.455
291.431	291.588
291.063	291.722
291.472	291.833
291.233	291.862
291.752	292.153
292.201	292.611
291.583	292.860
292.406	292.885
292.607	293.057
292.818	293.312
292.288	293.802
292.893	294.001
293.204	294.228
293.852	294.538
294.659	295.368
295.177	295.698
295.200	295.751
295.580	295.946
295.409	296.149
295.852	296.242
296.032	296.442
295.934	296.555
296.244	296.709
296.036	296.818
295.783	296.886
296.304	297.092
296.832	297.158
296.358	297.296
296.616	297.501
296.999	297.561
297.086	297.624
297.139	297.805
297.562	297.852
297.254	297.909
298.141	298.464
298.670	298.824
298.186	298.934
299.097	299.177
299.616	299.926
299.596	300.064
300.734	300.989
300.800	301.051
300.684	301.256
301.107	301.341
301.225	301.695
301.430	301.808
300.834	301.822
301.572	301.840
300.396	301.873
301.878	302.536
302.155	302.693
302.045	302.805
301.888	303.026
302.549	303.233
302.533	303.270
303.149	304.000
303.496	304.013
303.485	304.282
303.715	304.448
303.899	304.636
304.380	304.801
304.061	304.804
304.197	304.806
305.085	305.431
305.538	305.847
305.965	306.406
306.307	306.613
306.704	307.717
306.736	307.903
307.567	308.372
307.892	308.425
308.000	308.467
307.643	308.523
307.903	308.570
308.134	308.579
308.295	309.018
308.764	309.175
309.128	309.309
308.473	309.512
308.516	309.587
308.901	309.624
308.854	309.676
309.576	310.138
310.877	311.260
310.707	311.671
310.783	311.720
311.441	311.943
310.917	312.303
311.255	312.355
311.445	312.380
311.483	312.732
311.855	312.823
312.051	313.055
311.894	313.149
312.452	313.201
312.948	313.461
312.765	313.485
312.770	313.514
312.442	313.611
313.169	313.959
312.975	313.994
313.381	314.097
313.287	314.210
312.225	314.330
314.850	315.328
314.762	315.359
315.184	315.579
315.625	315.676
315.447	316.153
315.769	316.269
315.332	316.330
315.049	316.365
316.391	317.000
317.053	317.356
316.436	317.367
317.031	317.371
317.037	317.400
316.590	317.475
317.365	317.595
317.205	317.731
317.137	318.130
317.649	318.194
317.827	318.797
318.320	318.874
318.080	318.925
318.381	319.056
318.636	319.105
318.426	319.185
318.795	319.512
318.565	319.519
319.076	319.780
318.769	319.836
318.962	319.855
318.818	319.893
319.784	320.233
319.177	320.365
320.148	320.419
319.314	320.551
320.150	320.708
320.421	320.744
319.086	320.945
320.423	320.992
320.704	321.145
319.859	321.342
320.980	321.520
320.986	321.673
321.384	321.983
321.534	322.184
320.765	322.544
322.035	322.639
323.089	323.187
323.331	323.612
323.063	324.153
323.757	324.406
324.246	324.522
324.128	324.663
324.216	324.716
324.527	325.017
324.592	325.176
324.240	325.218
324.786	325.277
324.325	325.340
324.802	325.457
325.112	325.460
325.387	326.213
325.893	326.567
326.190	326.640
326.880	327.190
327.057	327.353
326.921	327.378
327.762	328.136
327.942	328.251
328.343	328.408
328.788	328.981
328.597	329.159
327.588	329.324
329.043	329.418
329.198	329.723
329.507	330.031
329.682	330.463
330.040	330.513
330.242	330.637
330.310	330.863
330.913	331.460
331.169	331.676
331.204	332.140
331.414	332.167
331.289	332.291
331.478	332.588
331.979	332.622
331.761	332.677
331.737	332.842
332.275	333.043
333.337	333.862
333.333	333.953
333.923	334.270
334.272	334.350
333.552	334.458
334.936	335.106
334.174	335.232
335.131	335.706
334.683	335.724
335.051	335.764
335.140	336.111
335.422	336.270
335.852	336.334
336.074	336.604
335.949	336.671
336.162	337.006
336.683	337.108
336.036	337.259
336.601	337.260
336.696	337.559
337.036	337.756
337.154	337.935
337.442	338.131
336.965	338.587
337.177	338.604
337.540	338.632
337.758	338.879
337.939	339.243
338.494	339.521
338.656	339.629
338.645	339.834
338.932	340.009
338.089	340.025
339.256	340.156
339.523	340.187
339.969	340.207
339.492	340.744
340.876	341.022
340.786	341.176
341.050	341.440
340.073	341.553
341.175	341.708
340.939	341.914
341.390	342.215
342.215	342.817
342.440	343.429
342.993	343.733
342.667	343.852
343.821	343.899
343.072	344.153
344.124	344.333
344.161	344.552
344.224	344.639
345.000	345.478
344.897	345.488
345.124	345.623
345.262	346.078
345.713	346.369
345.701	346.458
345.847	346.578
346.466	346.796
346.465	347.315
346.592	347.428
346.821	347.890
346.864	347.910
345.875	347.913
347.002	348.408
347.784	348.574
347.975	348.790
347.993	348.828
347.507	348.845
348.761	349.154
348.936	349.566
348.712	349.574
348.944	349.926
349.113	349.985
349.169	350.053
348.414	350.339
349.185	350.465
349.244	350.528
349.244	350.842
349.350	351.173
349.726	351.197
349.900	351.274
349.379	351.506
350.278	351.562
349.948	351.816
350.692	352.042
350.713	352.100
350.742	352.222
350.374	352.330
350.843	352.444
350.789	352.628
350.774	353.303
350.898	353.365
350.908	353.448
350.843	353.787
351.478	353.977
351.269	354.088
352.367	354.566
352.774	354.569
352.712	354.628
352.608	354.697
353.318	354.893
352.869	354.920
352.833	355.084
352.948	355.094
353.819	355.096
353.321	355.298
353.891	355.401
355.024	355.680
354.361	355.712
354.089	355.744
354.733	355.815
355.107	356.154
354.496	356.191
355.143	356.200
355.146	356.273
355.046	356.403
356.370	356.760
355.245	356.786
355.318	356.865
356.491	357.471
356.656	357.498
356.015	357.519
357.222	357.711
357.193	357.800
357.628	358.025
357.059	358.138
357.564	358.247
357.986	358.266
356.770	358.297
358.343	358.520
358.289	358.990
358.523	359.451
358.502	359.474
358.375	359.536
358.817	359.562
358.703	359.643
359.379	359.795
358.891	359.868
359.241	360.144
359.449	360.192
359.751	360.239
359.718	360.484
360.755	360.975
360.242	360.984
360.755	361.100
360.588	361.234
361.132	361.454
360.952	361.461
361.428	361.770
361.321	361.917
361.325	361.920
361.754	362.292
361.401	362.304
361.462	362.660
363.174	363.425
363.576	363.914
363.155	364.070
363.988	364.499
364.443	365.159
364.700	365.386
365.361	365.752
365.046	365.778
365.452	366.447
365.852	366.558
366.068	366.601
365.523	366.720
366.561	366.775
366.782	367.046
366.360	367.324
366.797	367.451
366.627	367.550
366.664	367.574
366.978	367.634
367.102	367.774
367.817	367.906
367.681	368.168
367.783	368.171
367.844	368.206
366.983	368.244
367.383	368.554
368.151	368.809
368.467	368.956
368.381	369.007
368.830	369.095
368.250	369.111
368.849	369.159
369.072	369.209
368.912	369.872
369.951	370.202
369.615	370.285
369.927	370.340
369.824	370.429
370.388	370.526
370.022	370.571
370.627	370.675
370.140	370.740
369.711	370.759
370.420	371.279
370.437	371.371
371.019	371.541
370.906	371.716
371.268	371.732
370.951	371.743
371.502	372.398
371.370	372.691
371.312	372.730
371.686	372.925
371.606	372.963
372.171	373.142
371.740	373.245
372.363	373.371
372.753	373.744
372.519	373.785
372.385	373.826
372.116	373.860
373.211	374.012
372.598	374.020
372.919	374.150
373.456	374.360
372.934	374.412
373.609	374.526
373.580	374.924
373.301	374.951
374.209	374.958
374.037	374.974
374.527	375.372
374.805	375.377
375.055	375.437
374.653	375.510
375.192	375.811
375.228	376.054
375.226	376.099
375.334	376.215
375.474	376.426
375.396	376.439
375.679	376.533
375.021	376.660
375.353	376.716
377.223	377.554
377.831	377.941
377.268	378.195
377.609	378.464
378.577	378.661
378.458	378.845
378.599	378.954
378.593	379.139
378.817	379.217
379.055	379.491
379.723	379.861
379.208	379.966
379.815	379.998
379.667	380.097
379.878	380.159
380.019	380.447
380.708	381.152
380.792	381.191
380.965	381.256
380.812	381.391
381.402	381.546
381.384	381.895
381.669	382.098
381.931	382.280
381.988	382.426
382.226	382.509
381.718	382.565
382.337	382.753
382.603	382.983
382.773	383.051
382.494	383.165
383.058	383.165
382.567	383.214
382.916	383.498
383.175	383.519
383.495	383.776
383.863	384.156
383.483	384.368
383.777	384.715
383.367	384.734
384.191	384.813
384.210	384.911
384.479	385.428
384.560	385.489
384.235	385.496
385.041	385.971
384.618	386.187
385.243	386.228
384.704	386.255
384.859	386.677
385.841	387.020
385.327	387.155
385.985	387.176
386.304	387.198
386.459	387.481
387.275	387.810
387.735	387.988
387.495	388.045
387.759	388.529
387.822	388.567
388.158	388.618
387.921	388.731
388.494	388.779
388.272	388.927
389.088	389.283
389.008	389.285
389.082	389.476
389.017	389.499
389.257	389.705
389.190	389.946
390.242	391.052
390.984	391.508
391.234	391.757
391.273	391.975
391.082	392.010
391.845	392.147
391.585	392.323
391.845	392.504
391.956	392.585
391.594	392.950
392.142	393.199
392.089	393.444
391.986	393.614
391.982	393.678
392.186	393.820
392.343	393.986
393.604	394.553
392.289	394.730
395.084	395.367
395.098	395.478
393.934	395.618
395.717	395.938
395.677	396.052
393.874	396.414
396.076	396.474
396.149	397.375
396.813	397.479
396.505	397.569
397.302	397.649
396.611	398.330
397.480	398.496
397.489	398.511
398.114	398.801
397.433	399.007
398.007	399.096
398.525	399.107
398.500	399.209
398.336	399.527
398.669	399.645
398.605	399.751
399.117	399.803
398.986	399.838
398.855	399.974
400.061	400.355
400.339	400.854
399.813	400.866
400.284	401.073
399.602	401.118
400.861	401.277
401.192	401.305
401.452	401.762
401.688	401.848
401.780	402.331
402.080	402.402
401.931	402.531
401.948	402.848
402.662	403.371
403.129	403.554
403.444	403.851
403.699	403.884
403.679	404.184
404.076	404.366
404.138	404.569
404.313	404.677
403.652	404.685
404.514	405.030
404.392	405.443
405.115	405.607
404.676	405.696
405.107	405.857
405.308	405.987
405.387	406.171
405.176	406.208
405.663	406.593
405.738	406.674
405.276	406.917
406.171	407.269
405.547	407.285
405.845	407.392
406.321	407.495
406.441	407.545
406.305	408.004
407.694	408.046
407.161	408.070
407.246	408.328
407.904	408.589
408.528	408.707
407.798	408.723
408.867	409.439
409.177	409.515
409.143	409.748
408.933	409.845
409.724	410.050
409.611	410.227
409.398	410.288
409.789	410.310
409.562	410.391
410.266	410.544
409.969	410.802
410.315	411.012
410.391	411.508
409.904	411.522
411.080	411.684
410.295	411.737
411.002	412.004
410.987	412.221
411.588	412.233
411.366	412.264
412.210	412.463
411.848	412.497
412.170	412.539
411.959	412.755
412.351	413.160
412.665	413.303
413.235	413.597
413.146	413.747
413.444	413.887
412.939	413.951
413.761	414.104
413.203	414.153
413.448	414.218
413.742	414.565
414.183	414.638
413.933	414.736
413.980	414.770
414.424	415.460
414.224	415.524
414.285	415.587
414.551	415.839
414.343	415.982
414.617	416.005
414.936	416.515
415.703	416.547
414.721	416.715
415.384	416.751
416.257	416.868
416.707	417.049
415.941	417.126
416.528	417.251
417.387	417.635
417.278	417.644
416.339	417.873
417.816	418.125
417.319	418.145
417.511	418.432
417.534	418.459
418.346	418.636
417.867	418.728
417.925	419.363
418.396	419.494
418.996	419.515
417.841	419.576
418.833	419.741
419.460	420.019
419.818	420.307
419.890	420.528
419.883	420.646
419.967	420.720
420.580	420.891
419.154	420.899
420.340	421.317
420.343	421.543
420.664	421.630
421.498	421.984
421.454	422.200
422.230	422.406
422.269	422.861
422.262	423.123
422.000	423.156
422.833	423.162
422.191	423.650
423.357	423.693
423.214	423.905
422.873	424.323
423.534	424.331
423.674	424.423
424.219	424.873
423.404	425.080
423.919	425.111
424.925	425.650
424.368	425.688
424.930	425.820
424.312	425.914
425.105	426.075
425.160	426.275
425.868	426.538
424.521	426.549
426.406	427.177
425.264	427.182
426.469	427.205
425.975	427.285
426.979	427.332
426.586	427.568
427.123	427.569
427.191	427.582
427.479	427.718
427.974	428.509
428.025	428.513
427.783	428.547
428.496	428.919
428.830	429.178
429.309	429.674
428.670	429.834
429.807	430.074
429.852	430.508
430.240	430.596
430.568	430.806
430.561	431.068
430.706	431.253
430.692	431.402
430.597	431.453
430.317	431.475
430.952	431.656
430.967	431.782
430.747	431.948
430.992	432.145
431.034	432.183
431.537	432.520
431.648	432.692
431.735	432.720
431.486	432.766
431.763	433.124
431.816	433.451
431.772	433.477
431.652	433.612
432.452	433.778
432.459	433.967
431.990	434.166
432.375	434.256
432.358	434.281
432.515	434.282
432.842	434.362
432.913	434.571
432.659	434.643
432.724	435.009
433.034	435.438
433.800	435.658
434.772	435.702
433.691	435.730
433.334	435.791
434.803	435.987
435.166	436.072
435.861	436.326
436.199	436.478
436.555	436.805
436.280	436.988
436.901	437.053
436.598	437.288
437.324	437.663
437.596	438.422
438.127	438.644
438.466	438.666
438.396	439.002
438.985	439.412
439.393	439.567
439.274	439.659
439.171	439.919
439.580	440.009
439.820	440.099
440.417	440.719
439.935	440.723
440.564	441.026
440.353	441.138
440.559	441.235
440.523	441.324
440.713	441.492
440.602	441.590
440.734	441.721
441.527	441.910
441.652	442.076
441.654	442.091
442.545	442.801
442.171	443.034
442.797	443.104
442.980	443.110
442.783	443.144
443.233	443.342
443.188	443.637
443.586	443.698
443.519	443.839
443.259	443.885
443.608	444.189
443.715	444.291
443.905	444.516
444.139	444.570
444.395	444.813
444.482	445.297
445.134	445.336
444.831	445.439
445.219	445.726
445.265	445.742
445.427	445.904
445.688	445.938
445.591	446.033
445.667	446.256
445.672	446.302
445.841	446.565
446.252	446.636
446.170	447.036
446.689	447.091
446.732	447.368
446.788	447.503
447.182	447.832
447.712	448.105
447.756	448.213
448.208	448.730
447.749	448.833
448.799	449.017
448.938	449.288
447.909	449.554
449.160	449.776
449.619	449.967
449.809	450.206
449.414	450.473
450.308	450.705
450.648	451.667
451.288	451.785
451.253	451.884
452.206	452.556
452.201	452.789
451.741	452.848
450.494	453.275
452.804	453.596
452.541	453.965
453.868	454.125
453.844	454.151
454.094	454.362
453.821	454.564
454.114	454.659
454.542	454.987
454.695	455.203
454.530	455.204
454.202	455.774
455.333	455.887
455.292	455.888
455.601	456.157
455.477	456.384
455.185	456.465
455.419	456.586
455.610	456.745
456.396	457.027
457.042	457.199
455.818	457.203
457.068	457.637
456.257	457.897
457.395	457.990
457.274	458.011
457.769	458.053
457.503	458.118
457.773	458.819
458.313	458.835
458.709	458.958
457.588	459.300
458.607	459.726
459.499	459.746
459.427	459.838
459.311	459.883
459.725	460.052
459.528	460.060
459.640	460.178
459.958	460.570
460.466	460.938
460.358	461.099
460.583	461.311
460.945	461.385
460.885	461.499
461.152	461.918
461.066	461.921
461.343	462.101
461.701	462.263
461.169	462.325
461.831	462.492
461.384	462.773
461.353	462.815
461.751	462.905
461.873	462.944
462.491	463.054
462.516	463.269
462.725	463.511
462.497	464.943
463.515	464.968
464.469	465.563
464.811	465.572
465.157	465.891
465.471	466.057
465.531	466.279
465.489	466.449
465.646	466.683
465.498	466.842
465.650	466.924
466.405	467.203
466.208	467.283
466.916	467.527
466.138	467.646
466.051	467.736
466.484	467.777
467.255	468.168
467.435	468.212
467.312	468.467
467.681	468.621
467.542	468.661
468.040	468.787
467.331	468.932
467.805	469.204
468.695	469.241
468.129	469.282
469.145	469.499
469.298	469.802
469.509	469.848
470.333	470.969
469.711	471.317
470.722	471.544
469.680	471.636
470.515	471.671
471.649	471.800
471.402	471.889
471.977	472.133
471.663	472.136
471.839	472.506
471.367	472.571
472.719	473.008
473.088	473.308
473.049	473.679
472.683	473.851
472.707	474.063
473.192	474.176
474.259	474.794
473.888	474.954
473.425	475.060
474.273	475.141
474.451	475.257
473.221	475.299
474.494	475.518
474.559	475.740
475.107	475.788
474.574	476.210
475.349	476.271
474.698	476.291
475.461	476.626
476.419	477.001
475.698	477.020
475.968	477.419
476.690	477.723
477.408	477.846
477.690	478.000
477.541	478.390
477.943	478.666
478.042	478.694
478.157	479.081
478.210	479.352
477.979	479.571
478.824	479.793
478.675	479.886
478.079	479.959
478.855	480.042
479.449	480.158
478.830	480.163
479.797	480.399
479.913	480.755
478.934	480.808
479.393	480.823
479.507	480.871
480.626	480.901
480.834	481.017
481.107	481.543
480.846	481.657
481.119	481.981
481.385	482.336
481.831	482.531
482.569	482.644
481.734	482.797
482.464	483.074
482.371	483.139
482.633	483.615
483.618	484.067
483.203	484.116
484.229	484.467
483.965	484.589
484.104	484.955
484.833	485.061
483.978	485.181
484.924	485.268
484.775	485.351
485.591	485.733
485.487	485.758
484.880	486.070
485.845	486.126
486.012	486.519
485.858	486.653
486.175	486.857
485.474	486.936
486.469	487.062
486.418	487.232
486.843	487.260
487.049	487.444
487.111	487.535
487.649	487.814
487.925	488.140
487.406	488.237
488.360	488.846
488.468	488.856
488.831	489.391
488.276	489.511
489.014	489.695
489.590	489.854
490.061	490.711
490.438	490.772
489.639	490.794
490.344	491.285
491.332	491.612
491.620	491.762
491.739	492.169
491.698	492.216
492.018	492.604
491.882	492.620
492.096	492.897
492.561	493.636
493.222	493.683
492.886	493.795
493.460	493.916
493.936	494.066
493.187	494.104
494.485	494.579
493.806	494.751
494.664	495.000
494.313	495.062
493.920	495.168
495.197	495.302
495.124	495.564
495.461	495.886
495.655	495.917
495.671	496.342
495.879	496.445
496.656	497.065
496.878	497.375
497.068	497.621
496.375	497.699
496.713	497.983
497.396	498.059
497.747	498.181
497.522	498.251
497.932	498.517
498.081	498.521
497.447	498.536
498.229	498.685
497.846	498.801
498.616	499.185
498.123	499.399
498.368	499.523
499.204	499.596
498.794	499.758
498.879	500.000
499.354	500.097
499.376	500.223
499.657	500.425
499.259	500.655
499.954	500.704
499.505	500.837
500.211	501.301
499.873	501.306
499.999	501.421
