1.437
1.554
7.465
10.891
19.845
23.715
27.241
31.771
32.042
36.262
41.313
45.652
49.187
61.222
63.813
65.071
67.150
67.979
71.095
77.219
79.459
80.996
81.778
84.072
86.650
90.778
91.243
91.382
92.564
95.658
98.798
99.764
103.476
110.182
112.579
114.698
115.060
115.268
119.757
122.763
123.261
124.576
128.840
130.634
136.182
139.168
139.499
141.546
147.221
147.786
149.019
149.603
149.768
151.229
157.675
160.287
161.802
162.537
163.212
169.968
173.154
176.578
178.560
179.494
181.453
197.603
205.412
207.916
221.742
225.123
232.497
232.660
232.990
235.136
235.139
237.238
238.771
241.076
244.518
244.544
245.938
250.370
252.366
253.455
255.030
256.414
262.151
263.333
264.513
265.230
270.685
271.799
276.769
277.062
278.809
279.195
280.200
281.459
282.638
283.246
283.466
284.378
285.054
285.942
286.449
286.835
286.901
288.653
289.798
290.399
290.488
293.986
296.025
297.475
300.692
301.792
307.972
310.140
310.566
311.060
312.541
322.247
325.013
326.257
326.484
327.238
330.606
331.297
331.912
337.832
339.192
339.823
340.416
342.355
351.285
354.112
354.458
354.514
354.632
361.856
367.331
368.929
371.075
372.404
375.840
376.660
377.272
378.209
380.244
381.165
384.712
387.802
393.777
394.791
395.228
395.368
397.854
400.180
407.070
414.422
421.850
425.175
430.612
433.335
433.621
434.296
435.697
435.705
435.976
437.653
442.218
443.706
448.621
448.761
450.279
450.394
450.640
450.755
455.953
462.448
467.631
470.709
481.096
482.865
483.052
488.929
490.467
498.845
499.030
499.624
513.192
513.429
514.690
521.767
529.700
536.389
541.475
542.407
542.559
545.396
547.212
552.955
553.005
559.059
559.074
563.338
563.737
564.082
567.096
574.784
575.377
578.162
584.593
584.924
592.341
594.846
597.243
598.720
601.734
602.460
606.401
606.893
610.280
611.328
611.554
614.175
618.144
620.389
621.052
632.522
638.673
639.082
640.307
640.858
642.592
644.655
645.061
645.838
647.916
653.104
656.241
658.857
659.358
659.731
659.780
660.139
660.233
662.780
671.047
672.126
674.668
674.859
674.877
675.401
679.683
692.722
699.182
700.380
703.275
708.867
709.698
709.874
711.242
716.804
717.817
719.322
723.092
725.952
732.515
738.506
743.926
746.428
747.448
754.885
759.634
760.183
760.307
762.610
763.367
765.196
766.040
770.244
770.329
772.149
775.514
781.650
784.661
784.765
790.533
795.707
798.115
799.131
799.773
800.571
807.193
807.787
808.260
808.374
813.559
815.180
817.260
817.493
819.977
820.590
826.891
831.238
835.160
840.264
845.172
854.431
856.315
856.624
863.782
863.853
866.136
866.961
869.581
870.207
870.956
878.273
882.985
885.442
886.152
888.412
888.427
899.662
899.900
909.691
911.243
918.502
921.805
924.501
925.064
930.062
930.373
931.176
934.309
944.249
946.563
956.470
962.880
969.388
974.457
976.951
978.230
978.381
980.093
982.962
983.434
983.598
989.048
989.316
991.777
993.828
995.391
1002.924
1014.550
1017.092
1021.848
1023.927
1024.242
1024.257
1025.097
1029.053
1032.188
1038.373
1041.200
1045.940
1046.602
1053.564
1059.531
1060.127
1060.138
1060.185
1068.785
1069.242
1072.375
1074.183
1077.975
1078.580
1079.813
1084.497
1085.495
1091.789
1093.018
1093.193
1096.435
1097.529
1099.119
1100.011
1100.517
1103.331
1103.616
1107.719
1110.493
1112.495
1121.647
1126.595
1126.957
1128.800
1131.920
1137.903
1139.884
1142.831
1145.955
1146.119
1150.765
1152.571
1157.943
1160.089
1160.820
1169.372
1170.941
1174.400
1179.554
1181.622
1186.630
1191.291
1191.853
1192.650
1194.706
1198.269
1203.370
1207.445
1208.163
1209.195
1211.346
1212.887
1221.254
1226.186
1226.873
1228.188
1233.260
1236.979
1242.486
1243.175
1245.978
1247.104
1251.370
1251.926
1253.011
1255.824
1258.444
1268.885
1272.080
1275.632
1278.489
1279.599
1282.646
1288.982
1296.112
1297.447
1299.792
1303.475
1308.941
1311.523
1311.612
1319.075
1320.204
1331.893
1333.569
1333.826
1335.507
1340.972
1341.209
1344.228
1344.566
1345.251
1348.818
1351.609
1355.670
1356.233
1360.312
1364.134
1370.955
1376.610
1380.167
1389.844
1398.709
1408.444
1409.223
1414.846
1417.793
1418.544
1422.451
1423.085
1423.712
1431.127
1432.191
1437.676
1439.513
1439.860
1443.684
1444.738
1445.413
1445.659
1448.388
1449.179
1449.462
1449.584
1454.724
1455.450
1459.990
1465.800
1468.621
1469.014
1469.702
1471.621
1471.857
1474.218
1474.617
1477.051
1499.971
1502.628
1504.987
1505.165
1511.701
1515.637
1515.947
1518.964
1527.298
1528.334
1534.842
1535.692
1537.067
1537.442
1540.718
1541.626
1542.343
1546.448
1548.513
1558.463
1559.151
1559.651
1560.381
1560.408
1564.488
1564.614
1565.383
1567.660
1568.783
1570.227
1570.804
1578.163
1588.463
1590.739
1590.834
1594.249
1595.053
1597.151
1598.264
1600.134
1601.779
1606.372
1610.646
1610.945
1614.903
1618.607
1621.144
1621.370
1628.629
1629.253
1630.275
1642.532
1646.024
1650.382
1660.230
1660.441
1664.945
1673.737
1675.692
1676.392
1677.278
1682.725
1685.407
1696.306
1697.265
1698.973
1700.326
1700.556
1700.774
1704.263
1706.398
1706.436
1709.172
1713.965
1715.525
1716.230
1718.076
1720.015
1722.614
1724.227
1724.659
1726.153
1726.542
1730.066
1731.028
1733.095
1735.800
1739.014
1740.555
1743.940
1747.062
1753.590
1754.369
1760.407
1769.920
1770.740
1776.136
1777.617
1780.571
1784.615
1785.090
1795.312
1795.869
1796.984
1801.944
1802.800
1808.043
1814.337
1814.428
1816.638
1819.751
1824.590
1826.973
1829.763
1833.871
1834.141
1838.167
1838.349
1840.275
1841.138
1841.928
1842.742
1845.665
1848.732
1857.458
1860.820
1863.343
1863.833
1867.575
1871.340
1874.468
1881.454
1884.237
1887.839
1888.599
1890.684
1890.776
1893.686
1894.373
1900.104
1901.481
1906.341
1906.388
1909.937
1912.166
1916.669
1919.489
1923.297
1924.669
1927.024
1931.381
1932.950
1934.985
1936.556
1937.417
1940.787
1945.406
1947.369
1952.741
1953.137
1954.415
1961.462
1965.885
1966.030
1967.450
1976.900
1976.932
1981.660
1981.836
1984.799
1986.346
1987.695
1988.462
1990.298
1995.593
1997.186
1998.969
2011.396
2011.803
2016.802
2019.499
2022.864
2023.636
2024.372
2029.665
2030.016
2030.253
2030.394
2030.555
2035.245
2035.583
2037.199
2037.351
2037.447
2041.429
2042.719
2045.491
2046.134
2048.851
2050.703
2054.026
2058.333
2059.245
2061.197
2066.252
2076.370
2077.580
2080.462
2081.842
2085.725
2089.838
2092.602
2094.782
2101.431
2101.606
2102.542
2105.503
2105.899
2106.708
2109.207
2110.185
2114.297
2115.726
2124.001
2124.123
2126.012
2133.818
2134.801
2135.132
2137.179
2138.516
2140.892
2141.314
2143.196
2145.718
2146.333
2148.675
2151.464
2151.569
2153.768
2154.244
2161.069
2163.718
2164.166
2168.461
2170.314
2174.472
2174.988
2177.275
2178.637
2183.270
2187.402
2191.143
2192.913
2195.167
2200.402
2206.700
2211.549
2214.956
2215.231
2219.130
2222.652
2223.364
2223.965
2224.721
2228.623
2233.370
2235.157
2235.900
2236.709
2237.527
2240.672
2242.364
2246.300
2249.603
2250.541
2256.576
2258.240
2261.584
2262.661
2265.124
2269.988
2271.769
2272.639
2273.307
2273.757
2278.013
2278.021
2278.362
2287.321
2291.367
2293.204
2295.219
2295.884
2297.495
2301.490
2301.546
2305.162
2306.961
2316.846
2317.831
2319.887
2319.908
2322.200
2322.393
2327.521
2327.620
2328.313
2328.642
2336.018
2337.257
2348.708
2348.955
2349.476
2352.418
2354.493
2357.118
2357.118
2359.461
2359.505
2361.589
2362.106
2362.647
2363.183
2363.286
2363.424
2367.452
2370.811
2372.126
2374.857
2379.220
2379.686
2383.486
2384.489
2384.797
2386.892
2389.329
2395.114
2395.305
2397.542
2401.616
2401.647
2402.284
2405.468
2412.217
2414.502
2419.065
2420.369
2425.492
2427.463
2428.356
2428.689
2429.120
2431.541
2432.331
2432.716
2434.529
2434.930
2437.452
2441.149
2441.557
2441.564
2441.834
2443.436
2447.344
2449.537
2450.835
2454.528
2454.822
2455.650
2459.624
2461.469
2462.182
2463.200
2463.598
2466.629
2467.201
2468.202
2475.980
2485.913
2488.308
2489.792
2489.928
2491.062
2504.650
2504.915
2506.052
2510.389
2513.657
2516.756
2520.430
2525.659
2529.716
2533.720
2534.349
2541.783
2544.370
2545.005
2545.450
2545.838
2550.705
2555.054
2557.629
2557.814
2559.538
2560.468
2563.767
2572.940
2572.966
2583.897
2589.931
2592.384
2592.485
2605.856
2612.811
2613.324
2616.164
2617.318
2620.747
2627.544
2628.671
2629.445
2630.253
2633.795
2637.494
2642.670
2642.757
2643.058
2646.209
2648.904
2648.993
2649.696
2653.540
2654.208
2655.485
2656.079
2660.131
2661.410
2664.546
2667.040
2667.974
2668.803
2670.559
2672.093
2675.730
2675.814
2677.439
2686.562
2686.579
2690.518
2690.527
2692.893
2702.353
2703.695
2718.348
2720.683
2725.843
2726.346
2727.793
2730.865
2731.106
2733.914
2735.397
2736.593
2737.433
2748.232
2748.368
2763.307
2765.081
2768.640
2773.611
2777.676
2778.557
2780.071
2782.306
2785.712
2787.008
2787.027
2801.687
2808.916
2809.570
2826.624
2829.892
2833.953
2834.740
2835.406
2836.762
2839.293
2839.476
2844.949
2849.658
2852.394
2869.160
2869.341
2870.049
2873.949
2878.813
2882.888
2884.833
2888.755
2889.386
2891.028
2891.748
2892.697
2892.911
2893.082
2896.124
2897.233
2898.244
2901.635
2903.826
2905.594
2907.796
2911.634
2916.593
2916.603
2916.948
2917.189
2917.931
2919.075
2921.347
2925.112
2928.180
2931.933
2935.052
2942.920
2944.461
2944.987
2947.180
2955.703
2962.085
2962.167
2965.050
2972.988
2977.932
2980.968
2987.115
2988.679
2989.357
2990.100
2993.303
2995.137
2999.294
3003.103
3004.102
3009.482
3021.066
3022.810
3024.556
3025.183
3026.400
3037.156
3046.800
3051.227
3064.020
3065.348
3072.263
3072.690
3074.010
3074.758
3076.227
3078.113
3079.783
3081.452
3089.403
3091.738
3094.374
3094.443
3097.327
3105.789
3106.703
3111.298
3111.831
3113.807
3113.829
3113.882
3115.887
3117.768
3119.725
3121.024
3121.243
3121.286
3124.993
3126.803
3128.394
3128.674
3132.579
3134.528
3134.846
3135.821
3138.406
3143.820
3147.169
3150.775
3151.515
3159.447
3159.853
3164.580
3166.432
3171.669
3178.476
3181.257
3183.713
3183.924
3184.639
3185.100
3193.279
3195.706
3196.595
3197.093
3202.745
3203.066
3215.250
3215.824
3215.967
3217.210
3221.770
3222.335
3224.701
3225.593
3227.688
3228.320
3237.734
3241.971
3242.584
3243.218
3251.194
3252.344
3259.273
3262.935
3265.578
3268.774
3274.927
3275.674
3280.040
3280.759
3281.177
3281.843
3283.704
3286.768
3292.510
3293.977
3294.750
3296.635
3302.166
3303.556
3307.525
3312.551
3313.325
3316.160
3319.743
3329.447
3334.467
3335.842
3335.946
3339.080
3345.330
3347.650
3352.151
3352.537
3354.866
3355.155
3359.335
3363.985
3368.248
3371.332
3371.410
3391.245
3393.749
3397.205
3399.650
3399.839
3401.469
3401.854
3403.004
3403.231
3403.737
3404.016
3407.366
3408.668
3411.402
3411.496
3423.397
3423.730
3426.978
3429.456
3432.736
3434.493
3437.140
3439.035
3440.020
3444.133
3444.908
3446.598
3447.963
3453.099
3458.061
3460.888
3461.553
3462.127
3475.737
3482.868
3483.165
3487.608
3489.353
3489.373
3490.150
3490.562
3493.264
3498.103
3502.605
3506.179
3507.456
3511.655
3511.730
3516.513
3517.801
3517.991
3523.069
3527.625
3530.586
3534.558
3537.126
3537.213
3538.512
3541.541
3550.134
3553.171
3563.094
3564.067
3569.998
3572.328
3575.765
3577.629
3585.635
3604.742
3608.934
3610.110
3615.605
3619.942
3621.205
3623.602
3625.416
3626.521
3627.406
3633.352
3639.985
3645.732
3646.621
3647.904
3647.988
3650.213
3658.364
3658.881
3659.580
3661.525
3665.210
3665.723
3670.014
3670.265
3670.724
3670.969
3678.673
3683.563
3688.905
3689.232
3690.529
3692.081
3694.945
3696.217
3701.853
3703.212
3704.099
3706.461
3707.874
3709.798
3712.180
3713.209
3714.030
3714.153
3718.228
3722.968
3730.531
3732.439
3733.490
3734.781
3735.888
3740.361
3741.018
3743.142
3748.713
3749.172
3750.354
3750.586
3752.868
3762.257
3765.450
3767.156
3769.823
3770.430
3772.744
3777.540
3779.706
3788.794
3789.447
3789.515
3791.822
3791.981
3793.135
3796.181
3798.729
3801.907
3802.484
3803.169
3806.731
3810.557
3812.870
3812.895
3813.013
3817.392
3818.599
3820.018
3820.209
3821.879
3821.894
3826.665
3830.960
3833.962
3835.711
3836.712
3836.719
3837.848
3841.794
3842.172
3842.239
3846.177
3846.442
3847.611
3847.732
3851.413
3853.526
3855.592
3855.784
3856.137
3858.763
3859.647
3863.481
3870.501
3871.745
3875.394
3876.430
3877.008
3878.550
3880.049
3880.308
3882.039
3884.038
3884.491
3886.084
3896.550
3899.806
3900.634
3904.928
3905.670
3909.630
3909.938
3916.935
3917.675
3918.573
3920.385
3921.072
3922.923
3923.073
3924.701
3927.800
3930.468
3930.694
3935.670
3935.717
3936.139
3939.158
3939.314
3940.036
3945.477
3947.295
3955.204
3955.625
3957.370
3957.421
3957.501
3965.714
3966.606
3970.832
3972.487
3972.589
3974.957
3979.695
3983.828
3988.594
3992.399
3994.738
3995.571
3997.877
4000.867
4013.051
4013.225
4023.318
4029.227
4029.962
4040.504
4042.015
4042.542
4046.578
4049.096
4050.301
4056.477
4056.776
4057.450
4058.459
4058.737
4059.571
4063.826
4065.217
4067.056
4070.508
4072.358
4074.583
4081.739
4082.492
4083.195
4093.080
4094.170
4096.503
4098.814
4102.255
4103.927
4109.173
4112.471
4113.364
4113.813
4114.220
4115.248
4115.971
4118.957
4119.509
4119.602
4123.486
4125.689
4141.427
4147.743
4148.689
4149.969
4155.204
4155.825
4159.037
4175.528
4176.687
4177.778
4178.019
4178.378
4180.105
4180.355
4190.394
4197.933
4198.821
4202.464
4202.873
4203.545
4208.451
4210.464
4220.497
4220.620
4221.560
4221.640
4222.911
4223.193
4223.217
4226.364
4230.752
4231.116
4231.916
4237.826
4238.895
4240.451
4240.615
4243.250
4245.213
4246.716
4251.362
4252.383
4255.230
4261.299
4261.903
4265.997
4272.400
4273.162
4279.145
4282.172
4283.216
4292.802
4295.865
4296.545
4306.202
4308.035
4312.481
4321.838
4322.798
4323.091
4323.930
4333.915
4334.421
4340.610
4344.472
4344.765
4349.585
4353.414
4354.679
4356.023
4359.909
4361.069
4366.907
4368.916
4379.224
4383.714
4384.403
4384.761
4387.429
4392.313
4395.412
4399.407
4399.864
4421.615
4426.721
4437.260
4441.038
4441.567
4445.835
4446.368
4451.625
4452.336
4453.049
4456.775
4457.452
4461.572
4462.507
4463.654
4472.575
4473.519
4475.107
4477.176
4479.368
4479.460
4480.967
4483.201
4486.262
4488.059
4493.888
4495.287
4495.412
4499.068
4502.473
4506.653
4509.804
4510.203
4510.986
4513.812
4515.430
4517.340
4518.380
4531.701
4537.690
4540.580
4540.860
4547.713
4559.628
4559.700
4563.849
4564.310
4566.117
4567.008
4573.840
4580.135
4580.879
4588.748
4589.161
4589.305
4592.300
4603.710
4606.441
4608.283
4609.685
4613.415
4614.509
4615.999
4616.240
4617.494
4618.502
4621.962
4630.075
4634.742
4639.013
4642.657
4645.362
4647.620
4648.323
4648.594
4652.597
4654.473
4654.623
4655.334
4660.033
4660.859
4664.722
4666.422
4671.239
4673.198
4675.920
4678.783
4681.038
4681.137
4687.275
4687.737
4688.395
4689.221
4690.027
4690.854
4695.989
4696.419
4698.357
4705.816
4712.631
4714.890
4722.689
4731.451
4731.732
4731.748
4736.312
4737.480
4739.936
4741.754
4742.435
4742.755
4751.251
4754.201
4755.625
4755.836
4756.942
4764.063
4767.771
4775.386
4778.823
4788.033
4788.812
4788.898
4792.258
4792.721
4792.901
4794.888
4795.726
4796.762
4800.122
4801.810
4803.660
4815.279
4823.235
4825.760
4834.411
4839.924
4842.003
4844.649
4846.261
4847.319
4847.974
4850.864
4857.270
4863.661
4865.447
4866.795
4869.191
4869.937
4872.769
4876.032
4876.281
4881.898
4891.285
4892.970
4896.365
4896.579
4899.106
4902.089
4907.749
4908.274
4908.561
4909.508
4910.643
4913.068
4916.385
4916.700
4919.336
4920.855
4923.186
4923.448
4925.118
4926.183
4929.056
4929.984
4931.873
4933.561
4935.444
4935.618
4937.499
4944.092
4945.440
4956.090
4957.964
4961.798
4965.063
4965.370
4967.395
4972.261
4977.194
4977.719
4983.244
4987.454
4992.089
4993.664
4998.502
4999.271
4999.326
5003.958
5008.414
5010.258
5011.834
5012.145
5012.446
5015.730
5016.394
5023.474
5024.153
5028.022
5031.208
5036.563
5039.036
5040.830
5042.359
5043.945
5052.031
5052.766
5054.992
5060.502
5060.848
5061.333
5063.151
5064.602
5071.282
5074.595
5074.718
5078.212
5088.585
5095.896
5095.927
5097.240
5099.931
5100.249
5100.905
5102.947
5104.561
5110.865
5111.262
5118.368
5122.371
5125.125
5126.492
5133.995
5137.250
5138.372
5142.324
5145.782
5146.044
5151.026
5151.028
5154.532
5154.705
5155.453
5156.439
5158.473
5163.106
5163.541
5166.964
5167.973
5168.780
5175.984
5179.027
5181.011
5181.379
5184.555
5189.579
5195.920
5203.451
5204.023
5205.185
5205.414
5205.881
5206.221
5208.286
5209.711
5210.306
5211.263
5217.170
5217.790
5218.283
5218.855
5219.673
5223.552
5225.319
5227.080
5228.729
5233.991
5238.488
5242.358
5243.867
5244.220
5248.306
5250.239
5252.982
5252.982
5253.957
5261.077
5262.667
5265.965
5266.027
5268.469
5272.268
5276.495
5276.710
5279.107
5280.400
5284.674
5288.447
5290.593
5291.527
5295.335
5296.356
5306.043
5314.273
5314.529
5321.286
5323.361
5323.888
5324.329
5324.470
5329.592
5332.028
5342.318
5342.490
5343.712
5346.960
5348.320
5350.891
5356.541
5356.742
5363.585
5372.451
5378.319
5379.646
5379.751
5380.194
5385.442
5386.373
5389.490
5390.006
5393.987
5394.431
5398.308
5400.395
5402.158
5404.546
5406.304
5410.010
5417.129
5421.479
5421.770
5426.182
5426.328
5426.981
5427.395
5430.535
5431.928
5432.403
5435.190
5438.078
5440.031
5441.262
5442.831
5452.801
5454.356
5456.963
5462.213
5462.475
5465.697
5466.115
5467.994
5469.062
5469.836
5470.087
5474.967
5477.063
5479.285
5483.124
5486.688
5487.452
5490.286
5490.750
5493.309
5494.526
5498.550
5501.064
5511.711
5512.316
5521.832
5528.206
5533.320
5539.809
5541.072
5541.752
5547.268
5547.764
5550.392
5552.605
5552.991
5553.890
5553.990
5563.426
5564.968
5566.404
5569.557
5571.101
5572.334
5574.308
5576.023
5578.646
5578.836
5579.299
5583.609
5591.717
5593.490
5594.658
5597.810
5606.401
5607.791
5615.426
5618.331
5620.149
5621.623
5625.383
5625.422
5639.280
5639.482
5640.828
5644.393
5644.769
5647.861
5648.782
5650.513
5651.044
5651.458
5654.202
5655.023
5657.354
5659.529
5663.960
5666.145
5668.836
5669.735
5672.911
5675.249
5675.801
5676.736
5682.047
5684.657
5685.451
5685.770
5687.265
5694.729
5695.726
5698.049
5699.823
5702.610
5707.736
5719.187
5719.574
5723.143
5730.061
5733.666
5738.779
5741.764
5742.725
5743.287
5756.285
5756.756
5758.980
5760.380
5762.219
5764.728
5766.469
5773.034
5775.669
5777.466
5780.271
5781.646
5781.790
5781.973
5784.898
5786.098
5790.964
5791.996
5797.276
5797.353
5803.315
5804.339
5805.262
5808.882
5813.621
5820.620
5823.640
5827.058
5828.820
5834.017
5837.161
5840.586
5843.483
5848.752
5849.589
5849.761
5850.501
5860.603
5861.338
5861.617
5862.456
5863.789
5867.688
5873.273
5882.218
5885.025
5886.505
5886.615
5888.453
5890.539
5899.144
5899.456
5901.224
5904.054
5905.742
5909.469
5911.861
5912.959
5917.603
5921.952
5922.297
5926.198
5929.821
5931.407
5933.840
5935.911
5937.118
5940.256
5940.792
5943.311
5949.426
5953.398
5956.257
5957.550
5957.741
5963.385
5964.131
5967.380
5970.117
5972.418
5973.442
5981.344
5989.708
5994.993
5996.077
5998.739
6001.692
6004.780
6005.000
6005.142
6006.290
6006.399
6006.772
6007.148
6007.406
6010.079
6011.126
6011.237
6011.263
6013.998
6018.497
6021.916
6027.448
6043.294
6047.339
6047.442
6051.681
6053.109
6054.126
6056.964
6060.304
6062.943
6064.386
6068.355
6074.478
6085.075
6087.143
6090.183
6090.377
6091.011
6092.131
6103.134
6108.671
6111.571
6112.693
6117.293
6120.448
6120.550
6127.460
6130.043
6131.815
6133.662
6148.880
6150.729
6157.970
6158.280
6160.529
6164.649
6164.937
6167.233
6169.991
6171.098
6171.666
6172.266
6172.502
6175.901
6176.252
6176.932
6177.438
6189.620
6189.928
6190.868
6193.598
6193.728
6194.373
6195.730
6197.541
6198.480
6202.546
6204.259
6206.552
6207.839
6211.272
6211.944
6212.741
6212.996
6213.375
6213.872
6215.458
6215.718
6223.896
6226.178
6231.220
6236.222
6241.708
6246.742
6258.838
6258.974
6262.060
6265.843
6267.510
6268.102
6274.020
6274.694
6281.156
6281.232
6286.988
6287.321
6290.277
6292.948
6294.829
6294.837
6297.663
6307.391
6307.540
6309.171
6310.966
6311.705
6313.849
6315.740
6317.200
6326.019
6326.516
6333.198
6335.194
6337.978
6342.398
6343.775
6352.062
6359.558
6360.497
6361.749
6363.302
6368.433
6370.495
6371.933
6373.159
6376.482
6376.593
6379.374
6382.204
6385.402
6387.806
6394.352
6399.347
6401.445
6412.385
6416.348
6422.551
6422.693
6430.271
6431.113
6431.963
6440.352
6443.599
6446.810
6447.197
6447.801
6451.230
6451.601
6452.742
6457.156
6459.370
6467.593
6468.352
6470.119
6473.132
6477.319
6484.847
6492.554
6499.566
6501.491
6510.617
6511.528
6512.644
6512.666
6512.678
6513.249
6517.320
6518.506
6520.018
6520.813
6522.550
6525.639
6528.070
6532.287
6533.096
6534.538
6552.083
6552.611
6553.531
6557.310
6563.575
6569.443
6571.012
6571.199
6574.130
6574.782
6575.020
6575.942
6583.091
6585.506
6587.008
6588.672
6590.603
6598.192
6598.447
6603.295
6608.612
6610.994
6611.485
6614.399
6619.816
6620.498
6621.972
6629.313
6631.128
6631.172
6633.405
6634.239
6636.071
6636.228
6641.916
6645.839
6646.238
6653.789
6656.953
6663.188
6663.305
6666.325
6666.957
6673.619
6676.178
6677.252
6681.960
6686.160
6687.560
6687.634
6688.605
6692.068
6696.392
6697.021
6697.794
6698.507
6702.282
6704.388
6705.599
6707.281
6708.601
6710.813
6711.067
6717.196
6720.375
6721.619
6724.437
6725.738
6726.511
6728.466
6737.839
6739.906
6740.728
6746.501
6755.766
6756.295
6756.349
6758.848
6759.138
6760.047
6760.509
6760.759
6760.967
6761.072
6774.361
6775.426
6779.639
6782.331
6783.615
6785.594
6788.749
6789.106
6792.650
6798.104
6798.830
6808.963
6820.648
6823.367
6825.211
6837.316
6838.348
6839.290
6839.396
6841.382
6843.572
6851.143
6855.677
6858.627
6864.638
6867.371
6867.756
6869.057
6871.679
6871.909
6883.058
6884.721
6886.647
6886.954
6887.569
6889.585
6890.529
6894.857
6896.132
6896.499
6898.556
6904.854
6905.999
6909.620
6909.688
6912.401
6912.784
6912.804
6913.792
6920.765
6923.536
6931.758
6931.974
6933.166
6934.966
6938.764
6939.111
6942.467
6949.256
6954.263
6957.584
6959.430
6968.896
6972.014
6973.873
6975.837
6977.112
6977.318
6978.070
6978.209
6978.387
6980.651
6980.923
6986.618
6990.670
6991.986
6993.692
6994.741
7000.143
7009.830
7012.808
7014.461
7014.968
7017.917
7019.791
7023.647
7026.935
7027.253
7027.629
7028.014
7030.456
7032.222
7033.919
7034.546
7041.632
7043.390
7044.406
7045.832
7048.143
7049.417
7055.230
7061.571
7062.103
7065.145
7076.211
7076.375
7079.873
7080.760
7082.069
7087.648
7089.092
7089.721
7096.840
7097.441
7098.160
7105.020
7105.185
7107.329
7108.890
7110.934
7114.419
7117.650
7120.378
7124.100
7127.704
7129.165
7130.186
7137.960
7139.203
7145.694
7146.763
7148.790
7149.458
7154.093
7154.163
7157.670
7161.681
7167.174
7169.218
7178.501
7179.384
7180.185
7181.178
7181.506
7187.699
7189.701
7192.460
7194.207
7197.351
7199.377
7200.015
7210.601
7211.542
7211.587
7214.599
7217.077
7220.980
7221.947
7222.288
7224.622
7226.158
7228.405
7230.171
7231.574
7232.108
7235.232
7237.979
7239.417
7241.513
7252.974
7253.441
7254.775
7259.938
7260.418
7261.665
7265.327
7268.135
7272.210
7273.656
7274.607
7277.457
7281.661
7282.337
7283.077
7284.850
7288.908
7296.180
7298.907
7303.064
7304.265
7305.895
7307.837
7313.975
7316.768
7342.354
7343.158
7346.970
7351.493
7352.036
7355.446
7366.575
7372.698
7380.648
7385.830
7387.384
7388.831
7389.102
7389.558
7399.266
7400.023
7402.085
7404.904
7408.990
7411.618
7412.047
7413.262
7413.943
7416.018
7416.995
7421.412
7426.076
7427.903
7428.040
7435.202
7440.948
7442.143
7442.950
7443.262
7445.699
7446.185
7447.720
7448.882
7450.365
7451.462
7451.645
7453.488
7455.168
7458.046
7460.534
7463.467
7464.503
7467.617
7469.053
7473.969
7477.340
7483.177
7483.940
7484.090
7486.506
7487.784
7493.677
7494.015
7494.135
7497.018
7500.157
7502.654
7505.292
7508.378
7509.890
7520.187
7523.503
7528.141
7530.960
7530.998
7531.800
7532.090
7532.253
7532.396
7534.294
7535.486
7542.302
7545.125
7547.028
7547.524
7547.892
7548.067
7553.309
7556.098
7558.628
7559.103
7562.322
7568.431
7575.374
7578.929
7579.993
7580.371
7581.297
7581.306
7582.098
7583.370
7585.299
7587.583
7587.707
7593.192
7600.551
7603.859
7607.042
7608.311
7609.109
7618.209
7620.193
7620.227
7622.116
7622.372
7622.545
7623.197
7626.237
7626.345
7627.158
7628.934
7635.249
7636.666
7637.723
7637.725
7637.749
7639.251
7640.642
7641.846
7643.117
7643.165
7646.939
7647.141
7647.187
7647.580
7650.087
7651.216
7658.416
7659.448
7660.113
7666.126
7670.750
7673.657
7678.582
7679.321
7679.882
7681.925
7682.653
7685.304
7686.851
7688.393
7688.558
7692.065
7692.706
7695.109
7697.960
7698.892
7704.437
7705.506
7708.680
7710.209
7711.762
7714.603
7715.070
7718.344
7720.599
7721.684
7727.868
7728.323
7730.719
7730.798
7733.103
7735.436
7743.185
7744.681
7745.869
7747.683
7748.360
7749.531
7750.835
7755.085
7758.805
7762.242
7769.892
7769.896
7770.464
7770.587
7772.281
7776.308
7780.040
7783.622
7784.965
7789.558
7793.907
7796.773
7798.168
7798.324
7801.681
7801.750
7805.268
7814.015
7814.078
7815.059
7815.568
7818.951
7822.672
7824.768
7824.864
7829.430
7834.361
7844.738
7844.788
7845.874
7845.973
7850.718
7854.873
7858.314
7866.336
7868.578
7869.020
7869.119
7872.703
7873.002
7873.906
7875.938
7876.952
7879.618
7880.167
7882.391
7885.483
7886.169
7886.897
7896.832
7898.466
7901.688
7901.755
7904.588
7904.994
7908.014
7913.523
7913.699
7914.670
7915.299
7918.394
7921.448
7921.497
7922.315
7926.416
7926.673
7932.312
7935.798
7936.042
7936.127
7940.389
7941.327
7943.389
7944.865
7945.854
7947.583
7947.624
7951.049
7953.137
7957.241
7957.332
7958.417
7960.760
7961.555
7964.926
7965.518
7965.893
7966.171
7967.507
7968.505
7969.296
7972.480
7974.454
7980.216
7980.385
7981.681
7983.445
7984.736
7988.727
7991.256
7992.820
7995.397
8000.544
8001.230
8004.045
8005.454
8006.185
8007.531
8011.939
8013.542
8014.907
8027.505
8032.430
8037.061
8041.233
8042.449
8045.113
8048.480
8052.409
8060.990
8063.957
8065.930
8066.714
8069.871
8072.484
8075.990
8076.622
8076.940
8081.232
8083.383
8090.164
8091.707
8092.037
8097.773
8106.017
8106.237
8109.477
8109.586
8116.741
8123.959
8132.168
8135.350
8145.839
8148.420
8158.839
8159.105
8161.505
8164.435
8164.980
8168.968
8180.612
8184.129
8187.258
8189.986
8191.027
8198.396
8200.009
8204.224
8214.802
8215.777
8220.729
8223.901
8225.256
8226.734
8226.871
8230.609
8231.779
8232.181
8232.494
8233.372
8234.797
8240.612
8241.756
8241.806
8244.219
8247.650
8249.131
8256.254
8257.042
8257.197
8263.653
8271.886
8278.856
8281.124
8281.328
8282.124
8282.855
8283.614
8286.264
8291.527
8296.389
8302.175
8302.346
8306.113
8313.836
8313.850
8317.028
8318.233
8321.497
8323.273
8324.996
8325.679
8327.874
8328.935
8332.273
8333.508
8339.929
8344.873
8345.399
8350.906
8351.578
8351.707
8352.011
8353.241
8353.944
8355.543
8357.267
8358.135
8358.906
8365.347
8367.968
8368.066
8370.006
8375.035
8375.268
8382.428
8383.601
8391.695
8399.753
8400.728
8405.391
8405.971
8407.881
8411.695
8412.345
8422.532
8425.698
8427.104
8428.743
8431.200
8435.202
8435.374
8440.168
8445.105
8450.622
8454.848
8455.259
8457.375
8458.926
8460.396
8462.282
8462.912
8464.331
8467.004
8467.624
8467.647
8469.891
8473.343
8476.798
8478.090
8482.731
8486.295
8493.821
8496.130
8496.993
8500.248
8500.282
8501.476
8505.295
8508.670
8508.807
8510.176
8511.944
8515.163
8520.537
8520.965
8521.674
8522.356
8525.586
8526.693
8527.699
8530.242
8531.228
8540.096
8541.188
8544.859
8545.281
8546.992
8547.159
8549.567
8553.276
8558.814
8559.340
8560.381
8564.342
8566.938
8570.530
8571.509
8572.409
8576.333
8583.253
8584.076
8586.314
8591.861
8592.522
8594.523
8596.782
8597.245
8601.869
8602.529
8613.034
8614.398
8617.177
8622.309
8622.685
8623.418
8624.135
8627.110
8627.842
8632.411
8641.609
8645.322
8645.852
8657.709
8657.969
8658.532
8659.183
8662.183
8663.615
8674.264
8675.295
8676.027
8683.692
8689.138
8694.125
8696.250
8698.530
8699.919
8703.267
8715.338
8715.913
8718.880
8719.432
8734.049
8736.215
8737.070
8745.586
8745.834
8747.984
8750.121
8754.217
8756.951
8758.187
8762.747
8764.295
8766.706
8767.318
8775.973
8776.316
8778.742
8779.476
8779.508
8780.224
8782.046
8784.039
8785.323
8789.332
8798.722
8802.378
8805.156
8808.653
8809.034
8810.148
8811.143
8813.338
8813.860
8814.289
8815.124
8815.844
8817.739
8818.211
8819.820
8824.773
8825.333
8825.503
8829.232
8832.250
8832.752
8834.428
8841.684
8843.081
8845.373
8845.833
8847.351
8849.490
8851.107
8851.581
8856.307
8859.774
8863.954
8864.673
8881.028
8887.187
8893.356
8898.475
8899.281
8903.304
8904.093
8906.951
8908.169
8911.150
8912.941
8913.782
8914.900
8915.439
8915.488
8920.192
8920.361
8927.165
8929.969
8937.482
8941.510
8944.952
8945.118
8947.547
8948.506
8948.689
8955.822
8958.775
8959.544
8960.914
8968.507
8969.228
8970.813
8979.433
8984.782
8990.301
8996.940
8997.977
8998.146
8998.798
9000.881
9001.858
9002.759
9006.905
9007.139
9012.370
9013.436
9015.421
9015.426
9016.250
9020.915
9032.368
9036.835
9037.791
9038.278
9039.164
9040.845
9041.008
9043.960
9047.327
9048.149
9048.860
9054.468
9056.705
9062.319
9068.027
9069.648
9073.345
9081.790
9083.533
9084.693
9086.322
9086.771
9087.323
9087.861
9092.008
9094.939
9097.106
9100.421
9101.773
9102.160
9103.929
9115.365
9115.642
9118.755
9119.713
9125.433
9127.367
9131.207
9133.869
9140.905
9142.407
9145.538
9146.604
9159.069
9159.344
9161.022
9161.037
9164.123
9171.493
9173.044
9174.998
9175.054
9176.507
9176.790
9186.493
9188.415
9189.542
9189.833
9193.246
9193.561
9194.199
9195.726
9199.413
9199.509
9199.832
9201.593
9205.532
9211.995
9224.927
9225.274
9225.679
9230.191
9233.782
9237.487
9250.912
9251.073
9254.291
9259.888
9263.020
9267.661
9269.614
9270.116
9271.016
9271.363
9278.475
9279.064
9282.367
9285.595
9288.038
9294.230
9297.168
9298.602
9300.140
9301.501
9303.398
9309.768
9311.704
9313.061
9317.215
9318.141
9318.521
9320.583
9326.104
9327.072
9328.177
9329.220
9335.932
9336.135
9336.704
9342.811
9343.376
9345.732
9346.677
9348.863
9349.285
9351.675
9351.935
9352.140
9361.540
9365.359
9368.206
9369.048
9371.074
9372.049
9372.220
9374.206
9375.214
9379.103
9380.752
9392.450
9393.956
9394.592
9396.402
9399.000
9403.201
9403.427
9403.795
9404.341
9406.630
9408.776
9409.764
9414.173
9414.523
9415.745
9419.397
9421.465
9423.311
9423.872
9426.403
9428.742
9429.228
9432.793
9435.705
9437.200
9437.824
9438.713
9439.583
9444.523
9445.614
9448.715
9449.850
9452.000
9456.425
9456.956
9459.359
9460.770
9461.089
9462.212
9472.280
9474.443
9485.200
9487.804
9489.572
9492.800
9502.223
9507.395
9509.152
9511.070
9512.219
9515.969
9516.446
9519.907
9527.547
9529.705
9535.010
9536.747
9538.703
9543.018
9544.871
9546.002
9547.968
9548.094
9549.506
9553.020
9557.056
9558.137
9559.069
9561.550
9562.292
9562.685
9563.836
9566.597
9568.697
9571.351
9571.481
9575.983
9580.053
9582.454
9582.789
9585.713
9586.829
9590.081
9595.766
9596.863
9598.840
9608.881
9611.215
9612.562
9613.875
9615.536
9620.361
9622.947
9633.385
9636.726
9639.973
9640.576
9644.530
9644.863
9647.920
9647.995
9648.132
9664.975
9665.529
9666.469
9668.621
9669.556
9687.769
9688.792
9688.793
9696.493
9698.236
9698.896
9698.924
9700.244
9708.420
9712.218
9714.470
9715.455
9720.824
9729.595
9745.164
9745.938
9748.013
9751.944
9752.482
9752.692
9755.028
9755.383
9756.557
9759.986
9761.572
9768.793
9771.209
9773.595
9773.715
9775.159
9775.170
9779.333
9780.680
9786.604
9787.460
9793.437
9796.993
9797.689
9805.342
9809.980
9811.660
9811.804
9813.152
9814.445
9815.602
9823.897
9826.551
9832.450
9835.797
9839.327
9842.558
9843.621
9848.033
9849.600
9851.265
9851.446
9851.822
9852.180
9860.492
9861.357
9867.608
9871.620
9872.423
9886.772
9895.294
9895.561
9897.902
9898.558
9903.841
9905.065
9913.882
9915.067
9916.921
9916.946
9917.142
9919.071
9924.053
9930.396
9936.400
9938.461
9940.418
9944.077
9945.337
9945.347
9949.858
9953.880
9955.978
9956.146
9956.835
9957.075
9957.237
9958.961
9959.545
9960.172
9962.646
9962.743
9962.841
9963.904
9964.370
9966.419
9970.178
9970.555
9972.423
9976.528
9977.515
9981.087
9987.213
9987.420
9991.139
9993.840
9994.119
9994.991
9997.960
9998.811
10001.259
