0.251
0.298
0.733
0.781
0.809
1.036
1.370
1.440
1.921
2.292
2.395
2.480
2.594
3.170
3.214
3.455
3.863
4.867
4.907
5.200
5.459
5.664
5.749
5.785
5.800
6.012
6.648
6.699
6.869
6.884
7.048
8.472
8.707
8.845
8.854
8.974
8.980
8.990
9.156
9.344
9.647
10.607
10.687
10.801
10.857
10.944
11.069
11.105
11.137
11.290
11.369
11.745
11.875
12.025
12.083
12.089
12.192
12.306
12.316
12.344
12.708
12.772
12.860
12.874
13.425
13.450
13.936
14.125
14.484
14.537
15.048
15.156
15.219
15.282
15.338
15.345
15.671
15.673
15.754
15.861
16.309
16.345
16.345
16.675
16.795
16.877
16.991
17.002
17.008
17.014
17.320
17.452
17.554
17.661
17.941
18.254
18.317
18.334
18.398
18.422
18.731
19.001
19.011
19.068
19.228
19.253
19.461
20.274
20.625
20.834
20.920
21.081
21.115
21.297
22.085
22.525
22.534
23.004
23.045
23.245
23.328
23.544
23.926
24.046
24.074
24.310
24.379
24.567
24.967
25.024
25.410
25.460
25.863
26.169
26.415
26.576
26.678
26.723
26.748
26.777
26.815
26.913
26.997
27.351
27.778
28.314
28.382
28.627
28.837
28.871
28.964
29.007
29.014
29.027
29.454
29.738
29.800
29.804
29.910
30.203
30.269
30.446
30.491
30.660
30.727
30.818
30.927
31.144
31.185
31.371
31.951
32.122
32.307
32.381
32.993
33.263
33.302
33.537
33.986
34.434
35.199
35.217
35.366
35.502
35.722
36.148
36.349
36.410
36.540
36.863
36.878
37.109
37.148
37.617
37.880
37.888
37.984
38.600
38.642
38.674
38.736
38.804
39.131
39.476
39.631
39.687
39.964
40.080
40.081
40.314
40.329
40.540
40.603
40.696
40.831
41.556
41.702
42.081
42.301
42.409
42.557
42.584
42.702
43.184
43.844
43.966
44.141
44.177
44.845
45.451
45.463
45.473
45.519
45.826
45.934
45.959
46.002
46.088
46.573
46.593
46.655
46.785
47.508
47.671
47.755
47.766
48.065
48.095
48.557
48.841
48.913
48.990
49.008
49.130
49.145
49.304
49.400
49.436
49.451
49.862
50.188
50.345
50.562
50.757
50.935
50.959
51.153
51.270
51.317
51.449
51.610
51.683
52.129
52.293
52.313
52.422
52.763
52.878
52.987
53.120
53.583
53.705
53.744
53.807
53.968
54.143
54.682
54.741
54.893
55.570
55.739
55.749
55.762
55.862
56.092
56.196
57.219
57.370
57.479
57.807
57.891
57.989
58.063
58.111
58.466
58.534
58.833
59.055
59.096
59.804
59.846
59.931
59.943
60.142
60.142
60.259
60.423
60.682
60.956
61.021
61.387
61.416
61.518
61.522
61.727
61.798
62.063
62.447
62.570
62.770
62.788
63.041
63.574
64.613
64.644
64.822
64.959
65.092
65.104
65.123
65.793
65.960
66.187
66.619
66.688
66.744
67.275
67.421
67.523
67.572
68.029
68.141
68.287
68.304
68.385
68.556
68.625
68.635
68.823
69.126
69.168
69.496
69.676
69.906
70.200
70.239
70.255
70.274
70.467
70.613
70.720
70.758
70.985
71.133
72.734
72.750
72.816
72.850
73.194
73.302
73.316
73.396
73.634
73.643
73.947
74.878
75.200
75.637
75.834
75.847
76.002
76.644
76.673
76.732
76.954
77.114
77.258
77.540
77.594
77.684
77.741
77.939
77.984
78.109
78.196
78.800
78.961
79.546
79.761
79.993
80.137
80.192
80.242
80.426
80.490
80.671
80.729
80.772
80.861
80.985
81.432
81.496
81.684
81.854
81.864
81.957
82.291
82.304
82.518
82.575
83.081
83.101
83.771
83.826
84.979
85.608
85.723
85.917
86.110
86.316
86.455
86.471
86.546
86.715
86.968
87.102
87.480
87.518
88.082
88.245
88.412
88.707
88.997
89.731
89.820
89.836
90.049
90.371
90.557
90.608
90.818
90.821
90.889
91.012
91.696
92.261
92.485
92.638
92.802
92.804
92.864
93.046
93.111
93.248
93.576
93.654
93.702
93.816
93.903
94.079
94.179
94.243
94.396
94.556
94.620
95.072
95.078
95.228
95.234
95.463
95.561
95.621
95.641
95.654
95.804
95.814
95.839
95.978
96.070
96.074
96.319
96.850
96.865
97.056
97.221
97.334
97.666
97.689
97.701
98.085
98.273
98.330
98.386
98.871
99.170
99.211
99.298
99.398
99.566
99.617
99.782
99.893
99.935
100.138
100.308
100.436
100.481
100.817
100.945
101.433
101.489
101.562
102.262
102.263
102.275
102.457
102.848
102.944
103.269
103.414
103.624
103.932
104.002
104.302
104.646
104.979
104.996
105.014
105.072
105.519
105.955
106.305
106.376
106.469
106.703
106.863
107.717
107.730
107.733
107.888
108.123
108.381
108.568
108.981
109.049
109.175
109.223
109.341
109.605
110.170
110.680
110.785
110.920
111.029
111.259
111.483
111.595
112.042
112.225
112.293
112.436
112.630
112.820
112.945
113.103
113.186
113.417
113.607
113.645
113.699
113.726
113.767
113.782
113.938
114.109
114.223
114.811
114.858
114.893
114.897
114.955
115.015
115.120
115.726
115.911
115.981
116.289
116.885
117.320
117.557
117.826
117.926
118.231
118.391
118.469
118.583
118.883
119.465
119.705
120.072
120.395
120.540
121.394
121.585
122.276
122.600
122.656
122.837
123.024
123.051
123.197
123.497
123.752
123.842
123.904
124.046
124.225
124.286
124.454
124.735
125.154
125.171
125.252
125.405
125.441
125.660
126.111
126.260
126.426
126.689
126.812
127.343
127.416
127.805
128.026
128.372
128.406
128.449
128.461
128.611
128.702
128.738
129.212
129.369
129.397
129.832
130.300
130.342
130.622
130.740
130.780
130.873
131.059
131.282
131.639
131.642
131.739
132.396
132.669
132.673
132.890
132.908
133.265
133.383
133.438
133.695
133.760
133.842
134.221
134.801
134.861
134.897
135.175
135.204
135.228
135.260
135.636
135.736
135.740
136.140
136.537
136.617
136.820
137.069
137.168
137.425
137.844
137.884
138.514
138.652
139.066
139.183
139.419
139.452
139.566
140.021
140.068
140.078
140.307
140.415
140.912
140.955
141.057
141.063
141.604
141.999
142.495
142.765
142.823
142.990
143.062
143.088
143.150
144.196
144.231
144.303
144.747
145.140
145.324
145.426
145.513
145.575
146.376
146.709
146.842
147.013
147.166
147.184
147.193
147.352
147.389
147.888
148.724
149.093
149.158
149.236
149.636
150.044
150.476
150.683
151.078
151.223
151.224
151.368
151.674
151.707
151.727
151.877
152.158
152.581
152.595
152.955
153.029
153.121
153.568
153.744
154.228
154.256
154.522
154.568
154.662
154.993
155.824
155.853
155.970
156.370
156.682
156.901
157.066
157.652
158.154
158.542
158.557
158.575
158.642
158.663
159.434
159.462
159.530
159.696
159.916
160.316
160.602
160.613
160.704
160.903
160.926
161.056
161.421
161.958
162.151
162.585
162.977
163.175
163.327
163.595
163.840
163.847
163.856
164.198
164.253
164.732
164.904
164.916
165.026
165.079
165.084
165.125
165.223
165.465
165.735
165.764
166.264
166.676
167.231
167.480
167.629
167.640
167.839
168.543
168.690
168.726
169.551
169.824
170.207
170.244
170.496
170.593
170.645
170.869
171.402
171.409
171.555
171.617
171.815
171.987
172.741
172.822
173.215
173.858
173.904
174.007
174.376
174.409
174.459
174.498
174.597
174.958
175.321
175.491
175.615
175.637
176.349
176.434
176.437
176.941
177.004
177.107
177.681
178.024
178.040
178.483
178.593
178.690
178.729
178.942
179.136
179.163
179.340
179.448
179.557
179.742
179.964
179.971
180.040
180.124
180.225
180.264
180.466
180.673
180.782
180.973
180.974
181.020
181.197
181.472
181.521
181.651
181.938
181.957
181.987
182.051
182.074
182.360
182.419
183.096
183.132
183.156
183.210
183.618
184.000
184.076
184.302
184.734
185.063
185.134
185.361
185.641
185.876
186.130
186.265
186.492
187.027
187.078
187.243
187.807
187.844
188.043
188.161
188.234
188.350
188.383
188.530
188.857
188.967
189.020
189.039
189.040
189.156
189.378
189.431
189.442
190.473
191.270
191.315
192.039
192.159
192.274
192.306
192.337
192.528
192.580
192.831
193.225
193.379
193.384
193.754
194.084
194.690
194.848
195.043
195.407
195.460
195.526
195.534
195.631
195.633
195.956
196.216
196.270
196.405
196.432
196.782
196.797
197.216
197.688
197.821
197.851
197.870
197.893
198.527
198.561
198.778
198.796
198.855
199.900
199.910
200.074
200.084
200.632
200.875
200.973
201.170
201.254
201.260
201.356
201.710
202.544
202.571
202.607
203.487
203.866
203.915
203.952
204.205
204.315
204.347
204.384
204.539
204.627
204.931
204.953
205.029
205.207
205.466
205.716
206.055
206.381
206.583
207.087
207.256
207.263
207.367
207.508
207.526
208.143
208.524
208.544
208.773
209.108
209.518
209.623
209.774
209.859
210.076
210.185
210.835
210.865
211.163
211.302
211.330
211.583
211.999
212.109
212.247
212.336
212.355
212.436
212.440
212.495
212.802
212.860
213.014
213.123
213.346
213.584
213.907
213.945
214.048
214.217
214.271
214.580
214.795
214.798
215.097
215.103
215.136
215.558
216.102
216.201
216.211
216.351
217.011
217.313
217.398
217.495
217.720
217.832
218.028
218.671
219.127
219.260
219.729
219.903
220.387
220.862
221.012
221.377
221.886
222.076
222.083
222.239
222.363
222.440
222.485
222.656
222.832
222.918
223.032
223.196
223.353
223.361
223.438
223.578
223.664
223.728
224.073
224.128
224.174
224.257
224.291
224.439
224.535
224.696
225.275
225.297
225.335
225.413
225.693
225.885
225.903
225.915
225.934
226.004
226.147
226.651
227.075
227.142
227.230
227.679
228.845
228.996
229.086
229.096
229.416
229.429
229.916
230.193
230.852
231.136
231.268
232.505
232.978
233.119
233.313
233.350
233.564
233.695
234.164
234.263
234.272
234.591
234.890
235.044
235.083
235.089
235.561
235.993
236.502
236.619
236.910
237.047
237.070
237.184
237.278
237.449
237.548
237.617
238.011
238.029
238.089
238.117
238.275
238.449
238.651
238.741
239.016
239.263
239.462
239.489
239.626
239.932
240.593
240.778
240.965
240.996
241.040
241.077
241.334
241.408
241.705
242.233
242.498
243.348
243.561
243.602
243.767
244.173
244.197
244.409
245.237
245.293
245.512
245.601
246.427
246.474
246.570
246.585
246.735
246.864
246.883
247.070
247.591
247.645
247.988
248.085
248.739
248.743
248.928
248.996
249.135
249.287
249.551
249.614
250.257
250.336
250.704
250.939
251.138
251.246
251.774
251.800
252.023
253.028
253.145
253.189
253.772
253.906
254.005
254.026
254.061
254.088
254.260
254.407
254.435
254.602
255.058
255.420
255.970
256.104
256.109
256.175
256.445
256.543
256.838
256.879
257.078
257.378
257.402
257.701
257.709
258.259
258.574
258.832
258.848
258.872
259.326
259.430
259.460
259.692
259.790
260.116
260.277
260.431
260.455
260.525
260.615
261.407
261.422
261.522
261.598
261.941
262.350
262.387
262.580
263.876
264.031
264.199
264.255
264.408
264.509
264.919
265.004
265.167
265.337
265.339
265.515
266.072
266.209
266.238
266.321
266.507
266.628
266.932
267.016
267.299
267.305
267.472
267.607
267.630
267.746
268.169
268.413
268.733
268.823
268.832
268.861
269.131
269.370
269.578
269.859
270.480
270.649
270.814
271.048
271.103
271.235
271.252
271.933
272.088
272.102
272.116
272.458
272.491
272.553
272.574
272.806
273.265
273.475
273.727
274.044
274.139
274.160
274.186
274.237
274.501
274.819
274.889
275.050
275.051
275.092
275.233
275.378
275.736
275.907
276.685
277.272
277.674
278.274
278.460
278.545
278.591
279.309
279.613
279.655
279.657
279.759
279.813
280.074
280.164
280.398
280.522
281.225
281.228
281.305
281.405
281.488
281.608
281.910
282.415
282.458
282.492
282.632
282.746
282.826
283.548
283.550
283.679
283.862
283.954
283.972
284.328
284.416
284.741
284.832
284.879
285.866
285.980
286.086
286.141
286.299
286.325
286.479
287.277
287.495
287.644
287.929
288.257
288.324
288.338
288.676
288.752
289.053
289.173
290.027
290.229
290.235
290.301
290.903
291.063
291.233
291.431
291.472
291.583
291.752
292.201
292.288
292.406
292.607
292.818
292.893
293.204
293.852
294.659
295.177
295.200
295.409
295.580
295.783
295.852
295.934
296.032
296.036
296.244
296.304
296.358
296.616
296.832
296.999
297.086
297.139
297.254
297.562
298.141
298.186
298.670
299.097
299.596
299.616
300.396
300.684
300.734
300.800
300.834
301.107
301.225
301.430
301.572
301.878
301.888
302.045
302.155
302.533
302.549
303.149
303.485
303.496
303.715
303.899
304.061
304.197
304.380
305.085
305.538
305.965
306.307
306.704
306.736
307.567
307.643
307.892
307.903
308.000
308.134
308.295
308.473
308.516
308.764
308.854
308.901
309.128
309.576
310.707
310.783
310.877
310.917
311.255
311.441
311.445
311.483
311.855
311.894
312.051
312.225
312.442
312.452
312.765
312.770
312.948
312.975
313.169
313.287
313.381
314.762
314.850
315.049
315.184
315.332
315.447
315.625
315.769
316.391
316.436
316.590
317.031
317.037
317.053
317.137
317.205
317.365
317.649
317.827
318.080
318.320
318.381
318.426
318.565
318.636
318.769
318.795
318.818
318.962
319.076
319.086
319.177
319.314
319.784
319.859
320.148
320.150
320.421
320.423
320.704
320.765
320.980
320.986
321.384
321.534
322.035
323.063
323.089
323.331
323.757
324.128
324.216
324.240
324.246
324.325
324.527
324.592
324.786
324.802
325.112
325.387
325.893
326.190
326.880
326.921
327.057
327.588
327.762
327.942
328.343
328.597
328.788
329.043
329.198
329.507
329.682
330.040
330.242
330.310
330.913
331.169
331.204
331.289
331.414
331.478
331.737
331.761
331.979
332.275
333.333
333.337
333.552
333.923
334.174
334.272
334.683
334.936
335.051
335.131
335.140
335.422
335.852
335.949
336.036
336.074
336.162
336.601
336.683
336.696
336.965
337.036
337.154
337.177
337.442
337.540
337.758
337.939
338.089
338.494
338.645
338.656
338.932
339.256
339.492
339.523
339.969
340.073
340.786
340.876
340.939
341.050
341.175
341.390
342.215
342.440
342.667
342.993
343.072
343.821
344.124
344.161
344.224
344.897
345.000
345.124
345.262
345.701
345.713
345.847
345.875
346.465
346.466
346.592
346.821
346.864
347.002
347.507
347.784
347.975
347.993
348.414
348.712
348.761
348.936
348.944
349.113
349.169
349.185
349.244
349.244
349.350
349.379
349.726
349.900
349.948
350.278
350.374
350.692
350.713
350.742
350.774
350.789
350.843
350.843
350.898
350.908
351.269
351.478
352.367
352.608
352.712
352.774
352.833
352.869
352.948
353.318
353.321
353.819
353.891
354.089
354.361
354.496
354.733
355.024
355.046
355.107
355.143
355.146
355.245
355.318
356.015
356.370
356.491
356.656
356.770
357.059
357.193
357.222
357.564
357.628
357.986
358.289
358.343
358.375
358.502
358.523
358.703
358.817
358.891
359.241
359.379
359.449
359.718
359.751
360.242
360.588
360.755
360.755
360.952
361.132
361.321
361.325
361.401
361.428
361.462
361.754
363.155
363.174
363.576
363.988
364.443
364.700
365.046
365.361
365.452
365.523
365.852
366.068
366.360
366.561
366.627
366.664
366.782
366.797
366.978
366.983
367.102
367.383
367.681
367.783
367.817
367.844
368.151
368.250
368.381
368.467
368.830
368.849
368.912
369.072
369.615
369.711
369.824
369.927
369.951
370.022
370.140
370.388
370.420
370.437
370.627
370.906
370.951
371.019
371.268
371.312
371.370
371.502
371.606
371.686
371.740
372.116
372.171
372.363
372.385
372.519
372.598
372.753
372.919
372.934
373.211
373.301
373.456
373.580
373.609
374.037
374.209
374.527
374.653
374.805
375.021
375.055
375.192
375.226
375.228
375.334
375.353
375.396
375.474
375.679
377.223
377.268
377.609
377.831
378.458
378.577
378.593
378.599
378.817
379.055
379.208
379.667
379.723
379.815
379.878
380.019
380.708
380.792
380.812
380.965
381.384
381.402
381.669
381.718
381.931
381.988
382.226
382.337
382.494
382.567
382.603
382.773
382.916
383.058
383.175
383.367
383.483
383.495
383.777
383.863
384.191
384.210
384.235
384.479
384.560
384.618
384.704
384.859
385.041
385.243
385.327
385.841
385.985
386.304
386.459
387.275
387.495
387.735
387.759
387.822
387.921
388.158
388.272
388.494
389.008
389.017
389.082
389.088
389.190
389.257
390.242
390.984
391.082
391.234
391.273
391.585
391.594
391.845
391.845
391.956
391.982
391.986
392.089
392.142
392.186
392.289
392.343
393.604
393.874
393.934
395.084
395.098
395.677
395.717
396.076
396.149
396.505
396.611
396.813
397.302
397.433
397.480
397.489
398.007
398.114
398.336
398.500
398.525
398.605
398.669
398.855
398.986
399.117
399.602
399.813
400.061
400.284
400.339
400.861
401.192
401.452
401.688
401.780
401.931
401.948
402.080
402.662
403.129
403.444
403.652
403.679
403.699
404.076
404.138
404.313
404.392
404.514
404.676
405.107
405.115
405.176
405.276
405.308
405.387
405.547
405.663
405.738
405.845
406.171
406.305
406.321
406.441
407.161
407.246
407.694
407.798
407.904
408.528
408.867
408.933
409.143
409.177
409.398
409.562
409.611
409.724
409.789
409.904
409.969
410.266
410.295
410.315
410.391
410.987
411.002
411.080
411.366
411.588
411.848
411.959
412.170
412.210
412.351
412.665
412.939
413.146
413.203
413.235
413.444
413.448
413.742
413.761
413.933
413.980
414.183
414.224
414.285
414.343
414.424
414.551
414.617
414.721
414.936
415.384
415.703
415.941
416.257
416.339
416.528
416.707
417.278
417.319
417.387
417.511
417.534
417.816
417.841
417.867
417.925
418.346
418.396
418.833
418.996
419.154
419.460
419.818
419.883
419.890
419.967
420.340
420.343
420.580
420.664
421.454
421.498
422.000
422.191
422.230
422.262
422.269
422.833
422.873
423.214
423.357
423.404
423.534
423.674
423.919
424.219
424.312
424.368
424.521
424.925
424.930
425.105
425.160
425.264
425.868
425.975
426.406
426.469
426.586
426.979
427.123
427.191
427.479
427.783
427.974
428.025
428.496
428.670
428.830
429.309
429.807
429.852
430.240
430.317
430.561
430.568
430.597
430.692
430.706
430.747
430.952
430.967
430.992
431.034
431.486
431.537
431.648
431.652
431.735
431.763
431.772
431.816
431.990
432.358
432.375
432.452
432.459
432.515
432.659
432.724
432.842
432.913
433.034
433.334
433.691
433.800
434.772
434.803
435.166
435.861
436.199
436.280
436.555
436.598
436.901
437.324
437.596
438.127
438.396
438.466
438.985
439.171
439.274
439.393
439.580
439.820
439.935
440.353
440.417
440.523
440.559
440.564
440.602
440.713
440.734
441.527
441.652
441.654
442.171
442.545
442.783
442.797
442.980
443.188
443.233
443.259
443.519
443.586
443.608
443.715
443.905
444.139
444.395
444.482
444.831
445.134
445.219
445.265
445.427
445.591
445.667
445.672
445.688
445.841
446.170
446.252
446.689
446.732
446.788
447.182
447.712
447.749
447.756
447.909
448.208
448.799
448.938
449.160
449.414
449.619
449.809
450.308
450.494
450.648
451.253
451.288
451.741
452.201
452.206
452.541
452.804
453.821
453.844
453.868
454.094
454.114
454.202
454.530
454.542
454.695
455.185
455.292
455.333
455.419
455.477
455.601
455.610
455.818
456.257
456.396
457.042
457.068
457.274
457.395
457.503
457.588
457.769
457.773
458.313
458.607
458.709
459.311
459.427
459.499
459.528
459.640
459.725
459.958
460.358
460.466
460.583
460.885
460.945
461.066
461.152
461.169
461.343
461.353
461.384
461.701
461.751
461.831
461.873
462.491
462.497
462.516
462.725
463.515
464.469
464.811
465.157
465.471
465.489
465.498
465.531
465.646
465.650
466.051
466.138
466.208
466.405
466.484
466.916
467.255
467.312
467.331
467.435
467.542
467.681
467.805
468.040
468.129
468.695
469.145
469.298
469.509
469.680
469.711
470.333
470.515
470.722
471.367
471.402
471.649
471.663
471.839
471.977
472.683
472.707
472.719
473.049
473.088
473.192
473.221
473.425
473.888
474.259
474.273
474.451
474.494
474.559
474.574
474.698
475.107
475.349
475.461
475.698
475.968
476.419
476.690
477.408
477.541
477.690
477.943
477.979
478.042
478.079
478.157
478.210
478.675
478.824
478.830
478.855
478.934
479.393
479.449
479.507
479.797
479.913
480.626
480.834
480.846
481.107
481.119
481.385
481.734
481.831
482.371
482.464
482.569
482.633
483.203
483.618
483.965
483.978
484.104
484.229
484.775
484.833
484.880
484.924
485.474
485.487
485.591
485.845
485.858
486.012
486.175
486.418
486.469
486.843
487.049
487.111
487.406
487.649
487.925
488.276
488.360
488.468
488.831
489.014
489.590
489.639
490.061
490.344
490.438
491.332
491.620
491.698
491.739
491.882
492.018
492.096
492.561
492.886
493.187
493.222
493.460
493.806
493.920
493.936
494.313
494.485
494.664
495.124
495.197
495.461
495.655
495.671
495.879
496.375
496.656
496.713
496.878
497.068
497.396
497.447
497.522
497.747
497.846
497.932
498.081
498.123
498.229
498.368
498.616
498.794
498.879
499.204
499.259
499.354
499.376
499.505
499.657
499.873
499.954
499.999
500.211
