1.554	8.218
1.437	9.403
7.465	11.207
10.891	12.416
19.845	27.764
27.241	30.27
23.715	32.65
31.771	34.604
32.042	37.974
36.262	39.381
41.313	47.869
45.652	49.572
49.187	54.865
61.222	68.909
63.813	71.299
67.979	71.813
65.071	71.978
71.095	72.543
67.15	73.993
77.219	82.888
79.459	84.812
80.996	88.471
81.778	88.798
84.072	90.905
90.778	91.828
86.65	91.835
91.382	92.43
91.243	96.599
92.564	97.984
95.658	98.058
98.798	100.453
99.764	103.338
103.476	105.659
110.182	117.775
112.579	119.122
114.698	121.389
115.06	122.837
119.757	123.905
122.763	124.131
115.268	124.826
124.576	126.779
123.261	131.8
128.84	133.55
130.634	135.427
136.182	140.816
139.168	145.111
139.499	145.957
141.546	149.181
147.221	150.344
147.786	151.737
149.019	153.342
149.768	154.153
149.603	157.504
151.229	159.607
157.675	160.485
160.287	163.297
162.537	168.351
161.802	168.367
163.212	170.271
169.968	172.692
173.154	176.815
176.578	181.893
178.56	184.368
179.494	185.405
181.453	187.245
197.603	212.379
205.412	213.905
207.916	214.862
221.742	230.567
225.123	233.144
232.497	234.764
232.99	240.026
237.238	241.141
235.139	242.223
238.771	243.748
235.136	244.464
232.66	244.967
244.544	246.851
245.938	248.788
244.518	248.879
241.076	249.539
250.37	254.416
252.366	255.608
253.455	257.859
256.414	258.93
255.03	259.312
262.151	270.217
264.513	270.549
263.333	271.172
265.23	273.163
271.799	276.474
276.769	277.588
270.685	278.552
277.062	280.006
279.195	282.476
278.809	284.1
280.2	284.163
283.246	286.541
282.638	288.92
281.459	289.063
283.466	289.387
284.378	290.412
285.054	290.888
286.449	290.9
288.653	291.863
285.942	292.127
290.488	293.106
289.798	294.555
290.399	295.597
286.835	295.888
296.025	298.17
293.986	298.288
286.901	298.37
297.475	299.659
300.692	308.321
307.972	309.506
301.792	309.902
310.14	313.579
311.06	317.735
312.541	319.072
310.566	321.713
322.247	325.357
325.013	328.114
326.257	331.126
327.238	332.086
331.297	334.671
326.484	335.165
330.606	336.517
331.912	338.0
337.832	341.612
339.192	344.838
342.355	347.384
339.823	347.943
340.416	351.884
351.285	356.192
354.112	357.829
354.458	359.03
354.632	359.947
354.514	360.552
361.856	372.646
368.929	374.43
367.331	374.436
372.404	375.508
371.075	377.678
375.84	378.468
376.66	379.298
377.272	381.663
378.209	383.749
381.165	387.708
380.244	388.695
384.712	389.499
387.802	394.964
393.777	396.22
394.791	397.776
395.368	399.672
395.228	401.157
397.854	403.375
400.18	404.64
407.07	416.266
414.422	420.089
421.85	430.353
430.612	435.285
425.175	436.726
433.621	437.702
433.335	438.157
434.296	438.392
435.705	439.668
435.697	439.897
437.653	440.197
435.976	444.044
442.218	445.217
443.706	448.714
448.621	454.011
450.279	454.835
448.761	455.471
450.64	456.318
455.953	458.868
450.755	459.174
450.394	464.17
462.448	466.495
467.631	474.121
470.709	475.801
482.865	488.569
483.052	489.786
490.467	491.901
488.929	493.516
481.096	496.245
498.845	506.449
499.624	507.097
499.03	507.246
513.429	520.472
514.69	521.864
513.192	523.413
521.767	525.209
529.7	537.608
536.389	540.414
541.475	546.651
542.559	548.77
542.407	550.999
545.396	551.182
547.212	552.495
552.955	558.1
553.005	563.823
559.059	564.144
563.338	568.162
564.082	569.1
559.074	570.017
563.737	570.378
567.096	577.831
574.784	581.647
575.377	582.003
578.162	584.703
584.593	589.394
584.924	593.209
592.341	596.146
594.846	601.085
597.243	603.658
598.72	606.855
601.734	608.739
606.401	608.897
602.46	609.032
606.893	611.165
610.28	617.235
611.554	617.764
614.175	619.818
618.144	619.853
611.328	621.118
620.389	622.757
621.052	625.017
632.522	641.368
638.673	643.875
640.858	645.99
639.082	646.276
640.307	646.492
645.838	647.475
644.655	647.712
647.916	648.999
642.592	649.438
645.061	650.467
653.104	660.091
656.241	663.735
659.78	665.032
658.857	665.748
660.233	666.342
659.731	666.417
662.78	667.561
659.358	668.089
660.139	670.001
671.047	677.174
674.668	679.171
672.126	679.392
674.877	680.546
675.401	682.173
674.859	682.991
679.683	684.648
692.722	699.797
699.182	700.669
700.38	705.274
703.275	712.413
708.867	713.363
709.874	715.377
709.698	716.234
711.242	717.149
717.817	720.898
716.804	722.056
719.322	722.293
723.092	724.331
725.952	736.002
732.515	738.998
738.506	744.347
743.926	745.365
746.428	753.706
747.448	760.237
759.634	760.954
754.885	761.341
760.183	764.007
760.307	766.118
762.61	768.074
763.367	768.308
766.04	770.655
765.196	771.297
770.244	774.396
770.329	774.643
775.514	776.005
772.149	779.673
784.765	791.669
781.65	792.065
784.661	794.272
790.533	798.672
795.707	799.787
799.131	803.082
799.773	804.553
798.115	806.518
800.571	807.69
807.193	812.469
807.787	813.084
808.26	815.587
808.374	815.926
815.18	819.614
813.559	820.11
817.26	821.59
820.59	824.185
819.977	824.294
817.493	825.456
826.891	832.893
831.238	833.698
835.16	840.91
840.264	843.734
845.172	850.952
854.431	862.317
856.315	863.744
863.782	866.618
856.624	867.537
866.136	870.392
869.581	871.733
866.961	873.883
863.853	875.724
870.207	876.198
870.956	877.373
878.273	881.403
882.985	891.957
885.442	892.62
888.412	895.825
888.427	896.301
886.152	898.913
899.662	903.449
899.9	909.606
909.691	912.516
911.243	915.401
921.805	927.886
918.502	930.547
924.501	931.459
930.373	932.924
925.064	933.796
930.062	934.658
931.176	936.253
934.309	936.937
944.249	951.26
946.563	953.514
956.47	965.349
962.88	969.178
969.388	972.512
974.457	982.734
980.093	984.738
978.381	985.714
976.951	985.791
983.434	987.02
978.23	987.069
982.962	987.143
983.598	988.639
989.048	991.542
989.316	994.157
991.777	996.439
993.828	997.44
995.391	999.583
1002.924	1012.511
1017.092	1024.871
1014.55	1025.24
1021.848	1026.295
1023.927	1026.606
1024.242	1027.195
1025.097	1028.904
1029.053	1029.77
1024.257	1032.153
1032.188	1035.471
1038.373	1045.772
1041.2	1047.555
1045.94	1050.693
1046.602	1052.102
1053.564	1060.389
1059.531	1061.69
1060.127	1062.997
1060.138	1064.243
1060.185	1066.782
1068.785	1074.337
1069.242	1076.681
1072.375	1077.346
1074.183	1080.359
1078.58	1081.783
1077.975	1081.858
1079.813	1084.988
1084.497	1085.869
1085.495	1090.157
1091.789	1099.27
1093.193	1099.935
1093.018	1100.052
1097.529	1100.765
1100.011	1102.004
1096.435	1102.046
1100.517	1102.759
1099.119	1105.097
1103.616	1107.328
1103.331	1108.395
1107.719	1112.012
1110.493	1112.935
1112.495	1117.507
1121.647	1130.788
1126.595	1133.259
1126.957	1133.33
1131.92	1135.888
1128.8	1136.027
1137.903	1146.906
1142.831	1150.059
1146.119	1150.586
1139.884	1150.675
1145.955	1151.643
1150.765	1153.772
1152.571	1155.172
1157.943	1166.952
1160.089	1167.673
1160.82	1167.681
1169.372	1176.239
1174.4	1180.702
1170.941	1180.786
1179.554	1184.108
1181.622	1186.642
1186.63	1192.148
1191.291	1194.045
1191.853	1195.657
1194.706	1196.959
1192.65	1197.427
1198.269	1198.744
1203.37	1210.141
1207.445	1215.401
1212.887	1218.538
1208.163	1218.702
1211.346	1220.444
1209.195	1220.8
1221.254	1223.788
1226.186	1232.464
1226.873	1233.579
1228.188	1235.737
1233.26	1238.584
1236.979	1240.994
1243.175	1249.444
1247.104	1252.088
1251.37	1252.891
1245.978	1252.93
1251.926	1254.316
1242.486	1254.417
1253.011	1255.508
1255.824	1258.11
1258.444	1260.548
1268.885	1275.623
1272.08	1277.039
1275.632	1278.651
1278.489	1281.46
1279.599	1286.185
1282.646	1288.35
1288.982	1292.007
1296.112	1302.347
1299.792	1304.759
1303.475	1305.67
1297.447	1306.406
1308.941	1316.337
1311.523	1318.116
1311.612	1318.412
1319.075	1321.865
1320.204	1323.805
1331.893	1337.843
1333.826	1340.663
1333.569	1341.162
1335.507	1344.733
1341.209	1344.874
1340.972	1345.24
1344.228	1347.502
1345.251	1348.068
1344.566	1348.974
1348.818	1351.077
1351.609	1354.556
1356.233	1362.886
1355.67	1365.281
1360.312	1366.624
1364.134	1371.372
1370.955	1374.178
1376.61	1386.434
1380.167	1386.802
1389.844	1398.651
1398.709	1399.812
1408.444	1415.937
1409.223	1417.038
1414.846	1418.411
1417.793	1419.529
1418.544	1421.625
1422.451	1424.909
1423.712	1428.749
1423.085	1429.698
1431.127	1438.05
1432.191	1440.763
1437.676	1441.636
1439.513	1442.894
1439.86	1444.371
1444.738	1445.797
1445.413	1447.679
1443.684	1450.842
1448.388	1452.863
1445.659	1454.139
1449.179	1454.907
1449.584	1455.499
1449.462	1457.452
1454.724	1458.991
1455.45	1460.89
1459.99	1462.861
1465.8	1472.669
1468.621	1473.672
1469.702	1474.651
1471.857	1475.01
1474.218	1475.734
1471.621	1478.189
1469.014	1479.885
1477.051	1481.941
1474.617	1481.963
1499.971	1508.248
1504.987	1510.212
1502.628	1510.514
1505.165	1511.566
1511.701	1512.703
1515.947	1523.569
1515.637	1523.635
1518.964	1524.786
1527.298	1536.468
1528.334	1536.901
1534.842	1537.673
1535.692	1537.879
1537.442	1539.974
1537.067	1543.252
1540.718	1544.559
1541.626	1545.137
1542.343	1552.369
1546.448	1553.859
1548.513	1555.815
1559.651	1565.346
1560.408	1566.176
1558.463	1567.323
1559.151	1567.877
1560.381	1568.379
1564.488	1569.035
1567.66	1569.3
1565.383	1569.914
1568.783	1569.932
1570.227	1571.957
1564.614	1573.336
1570.804	1574.63
1578.163	1588.83
1588.463	1592.916
1590.739	1596.012
1594.249	1597.374
1595.053	1598.489
1590.834	1600.294
1598.264	1602.0
1597.151	1602.554
1600.134	1603.249
1601.779	1606.478
1606.372	1608.905
1610.945	1617.071
1610.646	1618.694
1618.607	1621.623
1621.144	1624.885
1621.37	1627.267
1614.903	1630.548
1628.629	1632.374
1629.253	1635.623
1630.275	1637.083
1642.532	1652.35
1650.382	1656.328
1646.024	1656.392
1660.23	1669.542
1664.945	1670.534
1660.441	1671.399
1673.737	1681.734
1675.692	1681.933
1676.392	1683.099
1682.725	1683.185
1677.278	1683.791
1685.407	1693.196
1696.306	1702.404
1698.973	1704.001
1700.326	1704.964
1697.265	1705.289
1700.774	1706.855
1700.556	1706.988
1706.436	1708.226
1709.172	1709.479
1704.263	1711.246
1706.398	1712.304
1713.965	1721.109
1716.23	1721.931
1715.525	1723.543
1720.015	1725.155
1722.614	1726.357
1724.227	1727.187
1724.659	1729.102
1726.542	1730.527
1718.076	1730.76
1730.066	1732.653
1731.028	1732.716
1726.153	1733.134
1733.095	1734.112
1735.8	1745.089
1739.014	1745.277
1740.555	1747.496
1743.94	1748.036
1747.062	1752.131
1754.369	1761.027
1760.407	1762.269
1753.59	1763.325
1770.74	1779.711
1769.92	1780.379
1776.136	1782.479
1780.571	1784.794
1777.617	1784.98
1784.615	1787.07
1785.09	1788.964
1795.869	1802.308
1801.944	1804.058
1795.312	1805.302
1796.984	1807.158
1802.8	1808.727
1808.043	1812.224
1814.337	1821.621
1816.638	1824.603
1824.59	1825.868
1819.751	1826.451
1814.428	1826.851
1826.973	1829.389
1829.763	1830.922
1834.141	1841.293
1833.871	1843.401
1838.167	1844.589
1841.138	1845.028
1838.349	1845.292
1840.275	1845.755
1841.928	1846.586
1845.665	1849.814
1842.742	1850.134
1848.732	1851.657
1857.458	1867.241
1860.82	1870.948
1867.575	1871.443
1863.343	1872.658
1863.833	1872.887
1871.34	1873.274
1874.468	1883.382
1881.454	1884.959
1884.237	1889.737
1887.839	1891.62
1888.599	1892.957
1890.684	1893.63
1893.686	1895.383
1890.776	1895.511
1894.373	1897.403
1901.481	1907.515
1900.104	1908.06
1906.341	1908.771
1906.388	1909.96
1909.937	1911.742
1912.166	1915.654
1916.669	1924.46
1919.489	1925.053
1924.669	1925.877
1923.297	1927.293
1927.024	1930.289
1931.381	1939.7
1934.985	1941.16
1932.95	1941.185
1936.556	1943.071
1940.787	1943.394
1937.417	1943.845
1945.406	1953.982
1947.369	1957.578
1954.415	1958.577
1952.741	1959.034
1953.137	1961.053
1961.462	1967.236
1965.885	1968.417
1966.03	1970.452
1967.45	1971.454
1976.932	1982.579
1976.9	1983.65
1981.66	1984.628
1984.799	1986.061
1981.836	1986.312
1986.346	1989.857
1987.695	1991.295
1988.462	1995.003
1990.298	1996.12
1995.593	1998.934
1997.186	2001.511
1998.969	2006.156
2011.396	2018.077
2011.803	2020.402
2016.802	2020.72
2019.499	2024.53
2022.864	2027.474
2023.636	2029.2
2024.372	2030.345
2029.665	2031.742
2030.016	2033.374
2030.253	2035.075
2030.394	2036.157
2035.583	2037.867
2030.555	2038.906
2037.199	2040.316
2035.245	2040.774
2037.351	2041.695
2037.447	2042.267
2041.429	2044.124
2042.719	2044.371
2046.134	2054.368
2045.491	2054.916
2048.851	2056.619
2054.026	2056.644
2050.703	2059.366
2058.333	2061.978
2061.197	2065.109
2059.245	2065.974
2066.252	2069.502
2077.58	2085.238
2076.37	2087.187
2081.842	2087.239
2080.462	2088.015
2085.725	2089.736
2089.838	2092.877
2092.602	2094.912
2094.782	2097.944
2101.606	2107.103
2102.542	2109.594
2105.503	2110.061
2101.431	2110.163
2105.899	2112.874
2109.207	2113.09
2106.708	2113.726
2114.297	2114.925
2110.185	2115.316
2115.726	2116.796
2124.123	2131.341
2124.001	2131.907
2126.012	2133.131
2133.818	2135.976
2134.801	2139.598
2135.132	2143.627
2137.179	2144.036
2140.892	2144.231
2138.516	2145.877
2141.314	2147.106
2146.333	2149.379
2145.718	2149.786
2143.196	2150.343
2148.675	2153.486
2151.464	2156.011
2151.569	2158.951
2154.244	2159.243
2153.768	2164.448
2161.069	2167.587
2163.718	2167.685
2168.461	2169.67
2164.166	2173.657
2170.314	2173.78
2174.472	2176.805
2174.988	2180.892
2177.275	2183.16
2183.27	2184.22
2178.637	2189.915
2187.402	2195.101
2191.143	2196.818
2195.167	2198.324
2192.913	2199.62
2200.402	2202.215
2206.7	2212.406
2211.549	2213.706
2215.231	2223.402
2214.956	2223.447
2222.652	2225.595
2223.364	2226.867
2224.721	2228.04
2219.13	2228.485
2223.965	2230.031
2228.623	2231.363
2235.157	2242.121
2233.37	2242.224
2235.9	2243.721
2240.672	2244.031
2237.527	2244.099
2242.364	2245.108
2236.709	2246.963
2246.3	2249.646
2249.603	2254.314
2250.541	2257.562
2256.576	2259.843
2258.24	2261.05
2261.584	2262.576
2262.661	2264.028
2265.124	2272.361
2269.988	2275.614
2272.639	2277.466
2271.769	2277.814
2273.757	2278.96
2273.307	2279.509
2278.013	2280.463
2278.021	2280.662
2278.362	2283.65
2291.367	2298.757
2295.219	2301.362
2301.49	2302.507
2293.204	2302.57
2297.495	2302.593
2287.321	2303.031
2295.884	2304.42
2301.546	2305.525
2305.162	2308.945
2306.961	2309.347
2316.846	2324.93
2322.2	2327.139
2319.908	2328.028
2317.831	2328.455
2322.393	2328.945
2328.313	2329.336
2319.887	2329.446
2327.521	2330.506
2327.62	2330.952
2328.642	2331.166
2337.257	2344.177
2336.018	2347.008
2348.708	2357.029
2349.476	2357.734
2348.955	2357.961
2357.118	2359.597
2357.118	2359.835
2352.418	2360.348
2354.493	2360.538
2359.505	2363.7
2359.461	2364.084
2361.589	2365.153
2362.647	2367.132
2363.286	2367.319
2367.452	2368.318
2363.183	2368.881
2362.106	2368.97
2363.424	2369.598
2372.126	2378.545
2374.857	2380.573
2370.811	2381.102
2379.686	2383.213
2379.22	2383.327
2383.486	2385.454
2384.489	2388.15
2384.797	2391.408
2386.892	2392.383
2389.329	2393.743
2395.305	2402.257
2395.114	2403.965
2401.616	2404.428
2401.647	2406.141
2402.284	2406.503
2405.468	2408.968
2397.542	2409.904
2412.217	2420.257
2414.502	2421.354
2419.065	2422.398
2420.369	2423.07
2428.356	2434.583
2425.492	2435.528
2428.689	2435.699
2431.541	2436.823
2429.12	2437.608
2427.463	2437.625
2434.93	2438.295
2437.452	2438.918
2432.331	2441.288
2432.716	2441.867
2434.529	2443.037
2441.557	2444.203
2441.564	2444.498
2441.834	2446.503
2443.436	2446.875
2441.149	2447.43
2447.344	2448.258
2449.537	2458.209
2450.835	2459.25
2454.528	2459.745
2454.822	2460.106
2455.65	2460.934
2459.624	2461.948
2462.182	2464.874
2461.469	2464.988
2463.598	2465.974
2463.2	2467.607
2466.629	2467.84
2468.202	2468.39
2467.201	2468.964
2475.98	2482.819
2485.913	2492.612
2488.308	2494.723
2491.062	2496.299
2489.928	2497.411
2489.792	2503.766
2504.65	2507.766
2504.915	2509.466
2506.052	2511.626
2510.389	2514.187
2513.657	2519.757
2516.756	2521.009
2520.43	2523.983
2525.659	2532.043
2529.716	2534.121
2534.349	2542.724
2533.72	2542.853
2541.783	2547.892
2545.005	2550.722
2544.37	2551.27
2545.45	2552.172
2550.705	2555.435
2545.838	2560.697
2555.054	2561.238
2557.629	2563.163
2557.814	2563.681
2560.468	2564.847
2559.538	2565.008
2563.767	2568.15
2572.94	2579.065
2572.966	2582.653
2583.897	2590.24
2589.931	2592.154
2592.384	2593.598
2592.485	2595.508
2605.856	2613.06
2612.811	2614.221
2613.324	2616.927
2616.164	2620.18
2617.318	2624.979
2620.747	2629.742
2627.544	2633.897
2628.671	2634.176
2629.445	2636.515
2633.795	2636.523
2630.253	2636.736
2637.494	2638.591
2642.757	2650.196
2643.058	2651.071
2648.904	2652.719
2648.993	2653.355
2642.67	2653.783
2653.54	2654.891
2649.696	2655.071
2646.209	2655.234
2654.208	2655.647
2655.485	2658.314
2656.079	2659.253
2660.131	2662.732
2661.41	2665.659
2664.546	2671.541
2670.559	2675.464
2667.04	2677.121
2672.093	2677.77
2668.803	2677.977
2675.73	2679.556
2667.974	2680.191
2677.439	2681.192
2675.814	2682.287
2686.579	2693.001
2686.562	2693.153
2690.527	2696.365
2692.893	2698.326
2690.518	2700.981
2702.353	2708.582
2703.695	2716.238
2718.348	2725.315
2720.683	2728.242
2725.843	2730.177
2726.346	2731.485
2730.865	2732.9
2731.106	2734.925
2727.793	2734.942
2733.914	2737.639
2735.397	2739.529
2737.433	2741.221
2736.593	2742.317
2748.368	2756.775
2748.232	2757.253
2765.081	2772.156
2763.307	2772.545
2768.64	2775.101
2773.611	2777.022
2777.676	2781.672
2778.557	2783.416
2780.071	2786.485
2782.306	2790.052
2785.712	2792.278
2787.027	2792.689
2787.008	2793.189
2801.687	2809.126
2808.916	2813.77
2809.57	2815.644
2826.624	2837.932
2829.892	2838.096
2833.953	2839.862
2835.406	2840.458
2839.293	2841.28
2834.74	2842.176
2836.762	2842.791
2839.476	2844.497
2844.949	2846.96
2852.394	2858.849
2849.658	2860.022
2869.16	2876.477
2873.949	2877.262
2870.049	2878.505
2869.341	2879.323
2878.813	2882.919
2882.888	2886.84
2884.833	2888.187
2888.755	2893.304
2889.386	2894.478
2892.697	2897.84
2891.028	2900.244
2891.748	2900.479
2892.911	2901.086
2897.233	2901.28
2896.124	2901.338
2893.082	2903.137
2898.244	2904.958
2901.635	2907.114
2905.594	2907.569
2903.826	2907.989
2907.796	2911.192
2911.634	2915.169
2917.189	2923.073
2916.948	2923.314
2919.075	2924.386
2917.931	2924.93
2916.593	2925.065
2921.347	2925.626
2916.603	2927.987
2925.112	2929.467
2928.18	2930.727
2931.933	2938.672
2935.052	2943.2
2942.92	2946.902
2944.461	2947.505
2944.987	2949.935
2947.18	2953.619
2955.703	2962.344
2962.085	2965.734
2962.167	2967.088
2965.05	2970.524
2972.988	2978.322
2977.932	2980.703
2980.968	2986.484
2987.115	2988.701
2988.679	2990.598
2989.357	2992.918
2990.1	2996.711
2993.303	2998.905
2999.294	2999.654
2995.137	3001.385
3004.102	3009.85
3009.482	3011.156
3003.103	3011.79
3021.066	3027.894
3022.81	3028.239
3024.556	3028.954
3026.4	3031.085
3025.183	3031.422
3037.156	3044.495
3046.8	3054.042
3051.227	3055.875
3064.02	3071.53
3065.348	3073.112
3072.263	3073.324
3072.69	3075.074
3074.01	3075.69
3074.758	3077.219
3076.227	3078.13
3078.113	3082.786
3081.452	3086.253
3079.783	3086.527
3089.403	3101.255
3091.738	3101.341
3094.374	3102.543
3094.443	3103.506
3097.327	3104.658
3106.703	3115.599
3111.298	3117.335
3113.807	3118.899
3105.789	3121.591
3111.831	3121.846
3119.725	3122.325
3113.882	3123.345
3115.887	3123.698
3117.768	3123.723
3113.829	3124.368
3121.024	3125.217
3121.243	3125.917
3124.993	3127.394
3121.286	3127.643
3126.803	3128.702
3128.394	3132.724
3128.674	3133.744
3132.579	3135.267
3134.528	3137.249
3135.821	3139.048
3134.846	3141.413
3138.406	3142.372
3143.82	3150.945
3150.775	3153.828
3147.169	3155.957
3151.515	3156.232
3159.853	3166.536
3164.58	3167.665
3159.447	3167.794
3166.432	3170.155
3171.669	3179.975
3178.476	3181.243
3181.257	3182.192
3183.713	3191.097
3185.1	3192.524
3184.639	3192.61
3183.924	3193.731
3193.279	3198.571
3195.706	3200.407
3197.093	3201.96
3202.745	3204.237
3196.595	3206.589
3203.066	3206.781
3217.21	3222.914
3215.824	3223.688
3215.25	3224.373
3222.335	3225.634
3221.77	3225.654
3215.967	3225.827
3225.593	3227.787
3224.701	3228.614
3227.688	3232.941
3228.32	3233.821
3237.734	3245.675
3241.971	3247.329
3243.218	3248.845
3242.584	3250.379
3251.194	3255.786
3252.344	3257.032
3259.273	3268.32
3265.578	3271.873
3262.935	3273.447
3268.774	3277.036
3274.927	3281.252
3275.674	3283.645
3280.759	3285.352
3280.04	3285.71
3281.177	3285.999
3283.704	3287.881
3281.843	3288.824
3286.768	3288.991
3292.51	3298.884
3296.635	3300.755
3294.75	3301.141
3293.977	3302.446
3302.166	3306.608
3303.556	3307.458
3307.525	3308.038
3312.551	3321.978
3313.325	3322.001
3316.16	3322.776
3319.743	3327.451
3329.447	3336.799
3334.467	3339.194
3335.946	3342.12
3335.842	3343.624
3339.08	3344.227
3345.33	3352.403
3352.151	3356.301
3347.65	3357.043
3352.537	3358.047
3355.155	3359.136
3354.866	3360.575
3359.335	3362.861
3363.985	3371.648
3371.332	3374.327
3371.41	3375.655
3368.248	3375.656
3391.245	3398.884
3393.749	3400.651
3397.205	3401.689
3399.65	3403.157
3401.469	3404.172
3399.839	3405.424
3403.231	3407.477
3403.737	3408.471
3403.004	3408.856
3404.016	3409.726
3407.366	3412.701
3408.668	3412.89
3411.402	3413.353
3401.854	3414.052
3411.496	3416.076
3423.397	3430.81
3429.456	3433.674
3423.73	3433.681
3426.978	3433.96
3432.736	3435.13
3434.493	3439.643
3437.14	3442.73
3439.035	3444.04
3440.02	3445.124
3444.133	3447.008
3446.598	3448.313
3444.908	3448.376
3447.963	3452.158
3453.099	3455.699
3458.061	3464.91
3460.888	3468.128
3462.127	3468.766
3461.553	3469.035
3475.737	3482.442
3482.868	3484.539
3483.165	3486.437
3489.373	3494.92
3487.608	3496.107
3489.353	3496.541
3490.562	3497.83
3490.15	3500.6
3498.103	3500.913
3493.264	3501.31
3502.605	3510.37
3506.179	3515.735
3507.456	3517.062
3511.655	3517.696
3511.73	3518.778
3517.801	3520.382
3516.513	3520.411
3517.991	3521.001
3523.069	3530.31
3527.625	3534.411
3530.586	3537.325
3534.558	3538.91
3537.213	3542.9
3537.126	3543.198
3538.512	3543.206
3541.541	3545.324
3550.134	3556.146
3553.171	3558.659
3563.094	3572.047
3564.067	3572.894
3569.998	3574.031
3572.328	3576.576
3575.765	3579.028
3577.629	3580.796
3585.635	3595.053
3604.742	3613.81
3610.11	3616.706
3615.605	3617.831
3608.934	3617.837
3619.942	3627.061
3623.602	3629.059
3625.416	3631.193
3627.406	3631.764
3626.521	3631.799
3621.205	3631.804
3633.352	3640.297
3639.985	3641.276
3646.621	3653.0
3647.904	3654.064
3645.732	3654.694
3647.988	3655.233
3650.213	3656.46
3658.881	3664.996
3659.58	3666.246
3661.525	3667.501
3658.364	3669.261
3665.21	3669.281
3665.723	3671.713
3670.265	3674.435
3670.014	3675.072
3670.969	3677.392
3670.724	3677.749
3678.673	3681.13
3683.563	3690.584
3688.905	3691.541
3689.232	3693.184
3690.529	3694.252
3692.081	3696.177
3694.945	3699.222
3696.217	3701.645
3701.853	3703.317
3703.212	3704.852
3704.099	3707.696
3706.461	3709.78
3707.874	3710.905
3709.798	3711.662
3712.18	3714.287
3713.209	3718.606
3714.153	3720.694
3718.228	3721.844
3714.03	3724.501
3722.968	3726.881
3730.531	3737.497
3733.49	3740.885
3732.439	3741.717
3735.888	3743.031
3734.781	3743.458
3743.142	3744.871
3740.361	3745.002
3741.018	3745.803
3749.172	3756.066
3750.354	3756.701
3750.586	3758.614
3748.713	3758.871
3752.868	3758.952
3762.257	3769.89
3765.45	3771.273
3767.156	3772.646
3769.823	3772.838
3770.43	3774.982
3772.744	3775.041
3777.54	3783.615
3779.706	3785.601
3789.447	3795.44
3789.515	3796.299
3788.794	3796.311
3793.135	3797.517
3791.822	3798.227
3791.981	3799.32
3798.729	3801.656
3796.181	3801.92
3801.907	3804.796
3802.484	3807.46
3806.731	3808.93
3803.169	3810.238
3810.557	3812.72
3812.87	3817.516
3812.895	3819.259
3813.013	3819.808
3818.599	3821.449
3820.209	3823.221
3821.879	3824.773
3820.018	3826.901
3817.392	3827.254
3821.894	3828.277
3826.665	3830.315
3830.96	3835.476
3833.962	3838.353
3835.711	3842.304
3837.848	3842.992
3836.712	3844.006
3841.794	3844.294
3842.172	3844.669
3836.719	3844.68
3842.239	3849.31
3846.177	3853.262
3846.442	3853.506
3847.732	3853.761
3851.413	3854.823
3855.592	3855.966
3847.611	3856.369
3855.784	3858.361
3856.137	3860.865
3858.763	3861.512
3853.526	3862.363
3859.647	3863.256
3863.481	3866.243
3871.745	3877.044
3870.501	3878.671
3875.394	3879.202
3876.43	3881.201
3880.049	3882.688
3877.008	3884.143
3878.55	3884.917
3884.038	3886.326
3880.308	3886.752
3882.039	3886.988
3886.084	3888.601
3884.491	3889.186
3896.55	3902.897
3899.806	3906.458
3904.928	3907.319
3900.634	3908.084
3905.67	3910.669
3909.63	3915.796
3909.938	3916.925
3916.935	3919.376
3917.675	3921.868
3918.573	3924.604
3922.923	3926.017
3921.072	3927.259
3920.385	3927.397
3923.073	3931.036
3924.701	3932.805
3930.468	3934.459
3927.8	3934.992
3935.67	3937.602
3935.717	3938.136
3930.694	3938.281
3936.139	3940.522
3939.158	3941.221
3939.314	3942.315
3940.036	3949.066
3945.477	3951.42
3947.295	3952.695
3957.37	3964.777
3955.625	3966.458
3957.421	3966.777
3965.714	3967.185
3957.501	3967.469
3955.204	3967.525
3966.606	3971.823
3970.832	3977.986
3972.487	3979.408
3974.957	3980.017
3972.589	3980.15
3979.695	3985.637
3983.828	3986.838
3988.594	3996.347
3994.738	3998.444
3992.399	3998.641
3997.877	4000.055
3995.571	4000.128
4000.867	4002.046
4013.051	4018.715
4013.225	4019.305
4023.318	4029.618
4029.227	4031.173
4029.962	4035.159
4040.504	4048.788
4042.542	4049.976
4046.578	4050.988
4049.096	4052.384
4042.015	4052.392
4050.301	4053.434
4057.45	4063.822
4056.776	4064.798
4056.477	4064.886
4059.571	4065.387
4063.826	4065.822
4058.737	4066.35
4065.217	4067.613
4058.459	4068.25
4067.056	4069.35
4074.583	4080.647
4072.358	4080.965
4070.508	4081.924
4081.739	4082.39
4082.492	4085.928
4083.195	4086.598
4093.08	4100.015
4094.17	4100.939
4098.814	4103.165
4102.255	4104.772
4096.503	4105.475
4103.927	4110.64
4109.173	4113.271
4112.471	4116.804
4113.813	4120.913
4115.971	4121.584
4113.364	4121.946
4114.22	4122.099
4118.957	4123.952
4115.248	4124.556
4119.509	4124.96
4119.602	4125.541
4123.486	4125.899
4125.689	4129.666
4141.427	4151.977
4148.689	4155.321
4149.969	4155.942
4155.204	4156.226
4147.743	4157.596
4155.825	4159.02
4159.037	4161.999
4176.687	4184.202
4175.528	4184.206
4178.378	4185.779
4177.778	4185.863
4178.019	4186.03
4180.355	4186.035
4180.105	4187.796
4190.394	4198.522
4197.933	4201.981
4198.821	4203.732
4202.464	4207.08
4203.545	4209.475
4202.873	4211.567
4208.451	4214.176
4210.464	4215.214
4221.56	4228.916
4221.64	4229.146
4222.911	4229.347
4223.193	4229.979
4226.364	4230.174
4220.497	4232.334
4220.62	4232.464
4223.217	4233.078
4230.752	4233.347
4231.916	4234.609
4231.116	4235.625
4238.895	4245.44
4237.826	4246.027
4243.25	4246.934
4240.615	4247.649
4240.451	4249.983
4246.716	4253.698
4245.213	4253.785
4252.383	4256.199
4255.23	4257.588
4251.362	4258.018
4261.299	4268.455
4261.903	4269.189
4265.997	4270.311
4273.162	4280.819
4272.4	4280.901
4279.145	4281.459
4282.172	4282.662
4283.216	4286.183
4292.802	4299.614
4295.865	4301.489
4296.545	4303.297
4308.035	4315.667
4306.202	4317.365
4312.481	4322.915
4321.838	4326.674
4323.091	4329.699
4323.93	4329.958
4322.798	4330.365
4334.421	4342.815
4333.915	4343.107
4340.61	4345.741
4344.765	4350.959
4344.472	4351.763
4349.585	4358.581
4354.679	4361.421
4356.023	4362.361
4359.909	4363.194
4353.414	4364.481
4361.069	4364.852
4366.907	4374.731
4368.916	4377.816
4379.224	4387.442
4384.761	4390.455
4383.714	4390.815
4384.403	4391.112
4387.429	4392.297
4392.313	4392.795
4399.407	4405.936
4399.864	4407.124
4395.412	4408.47
4421.615	4427.728
4426.721	4428.686
4437.26	4443.462
4441.038	4445.604
4441.567	4446.96
4445.835	4449.322
4446.368	4451.735
4451.625	4455.623
4453.049	4460.585
4452.336	4460.769
4456.775	4461.797
4461.572	4463.219
4457.452	4465.153
4462.507	4467.865
4463.654	4469.91
4472.575	4481.115
4473.519	4482.254
4475.107	4482.26
4480.967	4482.982
4477.176	4484.134
4479.368	4484.171
4479.46	4486.797
4486.262	4489.18
4483.201	4491.271
4488.059	4493.226
4493.888	4495.475
4495.287	4500.607
4499.068	4501.6
4495.412	4504.9
4502.473	4506.294
4506.653	4514.647
4509.804	4516.285
4515.43	4516.935
4510.203	4517.189
4517.34	4518.147
4510.986	4518.371
4518.38	4519.675
4513.812	4520.451
4531.701	4539.604
4540.86	4547.818
4537.69	4547.82
4540.58	4549.17
4547.713	4550.307
4559.7	4566.445
4559.628	4567.607
4563.849	4567.921
4564.31	4568.678
4567.008	4571.237
4566.117	4571.753
4573.84	4582.61
4580.879	4586.253
4580.135	4586.44
4589.305	4596.037
4589.161	4597.285
4592.3	4598.712
4588.748	4599.262
4603.71	4609.624
4606.441	4613.708
4608.283	4614.367
4609.685	4617.292
4613.415	4619.334
4615.999	4620.513
4616.24	4621.638
4618.502	4622.474
4617.494	4624.272
4614.509	4625.449
4621.962	4625.479
4630.075	4638.789
4634.742	4642.702
4639.013	4645.095
4642.657	4645.5
4645.362	4651.298
4647.62	4653.621
4648.323	4656.467
4652.597	4656.601
4654.473	4660.879
4648.594	4661.074
4654.623	4661.953
4660.859	4662.541
4655.334	4663.679
4660.033	4667.786
4664.722	4668.473
4666.422	4670.56
4671.239	4674.741
4673.198	4676.829
4675.92	4679.472
4678.783	4686.1
4681.137	4688.219
4681.038	4690.317
4687.275	4690.825
4687.737	4692.898
4689.221	4694.175
4690.854	4694.384
4688.395	4694.42
4690.027	4695.753
4695.989	4705.87
4705.816	4707.87
4698.357	4710.984
4696.419	4711.201
4712.631	4718.857
4714.89	4722.787
4722.689	4727.689
4731.451	4737.191
4731.732	4737.243
4731.748	4738.605
4736.312	4738.899
4737.48	4741.188
4739.936	4745.748
4741.754	4746.434
4742.755	4748.866
4742.435	4752.542
4751.251	4756.195
4754.201	4760.64
4755.836	4762.743
4756.942	4764.7
4755.625	4765.396
4764.063	4766.502
4767.771	4774.468
4775.386	4777.045
4778.823	4784.089
4788.033	4793.654
4792.258	4794.639
4788.898	4794.736
4788.812	4796.259
4794.888	4796.839
4792.901	4797.913
4792.721	4799.217
4795.726	4799.284
4796.762	4800.415
4800.122	4803.282
4801.81	4805.868
4803.66	4808.631
4815.279	4823.092
4823.235	4826.716
4825.76	4827.227
4834.411	4842.304
4839.924	4844.764
4842.003	4846.582
4844.649	4847.752
4846.261	4850.354
4847.319	4850.549
4847.974	4851.478
4850.864	4858.831
4857.27	4860.142
4863.661	4870.461
4869.191	4873.557
4866.795	4873.612
4865.447	4873.955
4872.769	4876.861
4869.937	4876.913
4876.032	4878.469
4876.281	4880.407
4881.898	4887.891
4892.97	4899.837
4891.285	4899.936
4896.365	4901.432
4896.579	4901.759
4899.106	4903.256
4902.089	4907.034
4907.749	4911.097
4908.274	4913.094
4909.508	4913.429
4908.561	4915.773
4916.385	4917.783
4910.643	4917.96
4913.068	4918.229
4916.7	4919.497
4919.336	4921.06
4920.855	4924.595
4923.186	4928.143
4925.118	4929.988
4926.183	4931.915
4923.448	4933.3
4929.056	4933.352
4933.561	4934.826
4929.984	4935.287
4931.873	4937.465
4935.618	4938.71
4937.499	4940.811
4935.444	4943.519
4944.092	4946.119
4945.44	4947.346
4956.09	4963.462
4957.964	4964.689
4965.063	4965.585
4961.798	4965.866
4965.37	4970.823
4967.395	4972.78
4972.261	4976.483
4977.194	4978.567
4977.719	4980.755
4983.244	4990.623
4987.454	4996.393
4993.664	5001.677
4992.089	5002.344
4998.502	5003.89
4999.326	5005.429
5003.958	5005.824
4999.271	5006.068
5008.414	5016.856
5010.258	5017.035
5012.446	5018.422
5011.834	5018.65
5012.145	5018.839
5016.394	5019.112
5015.73	5020.135
5024.153	5031.047
5023.474	5031.66
5031.208	5033.632
5028.022	5034.307
5036.563	5043.014
5039.036	5044.971
5040.83	5045.321
5042.359	5047.626
5043.945	5049.731
5052.766	5058.812
5052.031	5063.774
5054.992	5064.114
5060.502	5066.238
5060.848	5066.806
5061.333	5067.304
5064.602	5069.836
5063.151	5070.401
5071.282	5072.167
5074.595	5080.936
5078.212	5081.677
5074.718	5083.159
5088.585	5096.337
5095.896	5097.089
5095.927	5103.192
5099.931	5105.133
5097.24	5105.549
5100.905	5106.268
5102.947	5106.974
5104.561	5109.642
5100.249	5110.78
5110.865	5113.424
5111.262	5118.869
5118.368	5126.647
5125.125	5128.491
5122.371	5130.284
5126.492	5133.932
5133.995	5135.183
5138.372	5145.856
5137.25	5146.831
5142.324	5147.522
5145.782	5147.649
5146.044	5150.244
5151.026	5156.563
5154.532	5157.651
5151.028	5157.968
5154.705	5158.216
5155.453	5159.685
5156.439	5161.327
5158.473	5161.559
5163.106	5169.139
5166.964	5170.154
5163.541	5170.392
5168.78	5172.526
5167.973	5176.244
5175.984	5179.805
5179.027	5183.022
5181.011	5184.474
5181.379	5188.073
5189.579	5196.341
5184.555	5198.35
5195.92	5200.016
5205.881	5211.484
5204.023	5212.071
5205.185	5212.166
5205.414	5212.517
5203.451	5212.958
5208.286	5213.92
5211.263	5215.173
5209.711	5215.54
5210.306	5215.926
5206.221	5218.689
5217.17	5220.221
5217.79	5221.116
5218.855	5224.445
5219.673	5224.596
5223.552	5227.632
5227.08	5228.308
5225.319	5228.82
5218.283	5229.021
5228.729	5233.474
5233.991	5238.531
5238.488	5239.607
5242.358	5249.733
5243.867	5250.43
5248.306	5250.904
5250.239	5252.582
5244.22	5253.7
5252.982	5254.929
5253.957	5256.593
5252.982	5256.663
5261.077	5267.321
5262.667	5269.298
5265.965	5271.277
5268.469	5272.08
5266.027	5275.87
5272.268	5276.038
5276.495	5277.401
5276.71	5281.832
5280.4	5285.956
5279.107	5286.28
5284.674	5290.377
5288.447	5293.03
5290.593	5294.389
5291.527	5299.369
5296.356	5302.215
5295.335	5306.81
5306.043	5310.993
5314.529	5320.665
5314.273	5321.486
5321.286	5326.231
5323.888	5329.728
5323.361	5330.149
5324.329	5331.219
5329.592	5332.278
5324.47	5333.298
5332.028	5334.683
5342.49	5350.043
5342.318	5351.503
5343.712	5352.225
5346.96	5352.391
5348.32	5353.279
5350.891	5357.62
5356.541	5360.772
5356.742	5364.051
5363.585	5364.937
5372.451	5380.18
5378.319	5381.933
5379.751	5384.94
5380.194	5386.889
5379.646	5388.043
5385.442	5388.757
5386.373	5390.614
5390.006	5393.058
5389.49	5393.338
5393.987	5395.504
5394.431	5400.937
5398.308	5404.579
5402.158	5406.329
5404.546	5407.591
5400.395	5408.028
5406.304	5412.062
5410.01	5414.011
5417.129	5425.703
5421.479	5429.151
5421.77	5429.25
5426.182	5429.77
5426.328	5431.779
5426.981	5433.286
5430.535	5433.604
5431.928	5434.318
5427.395	5435.295
5435.19	5437.801
5432.403	5438.094
5438.078	5444.729
5440.031	5447.296
5441.262	5447.7
5442.831	5454.91
5452.801	5457.258
5454.356	5460.384
5456.963	5461.281
5462.213	5467.667
5465.697	5469.182
5469.062	5475.146
5467.994	5475.317
5466.115	5475.965
5474.967	5477.048
5470.087	5477.092
5462.475	5477.28
5469.836	5478.287
5477.063	5479.803
5479.285	5480.593
5483.124	5490.889
5486.688	5491.989
5490.75	5493.418
5490.286	5493.729
5487.452	5494.545
5493.309	5494.819
5494.526	5497.091
5498.55	5507.109
5501.064	5507.325
5511.711	5522.812
5512.316	5522.83
5521.832	5525.644
5528.206	5535.714
5533.32	5537.389
5539.809	5548.71
5547.268	5550.246
5541.072	5551.254
5541.752	5551.576
5547.764	5552.16
5550.392	5552.757
5552.605	5554.538
5552.991	5555.342
5553.99	5556.921
5553.89	5562.241
5564.968	5570.693
5569.557	5573.408
5563.426	5574.22
5571.101	5574.753
5566.404	5575.478
5574.308	5576.369
5572.334	5576.473
5576.023	5581.254
5578.646	5583.425
5578.836	5587.26
5579.299	5587.493
5583.609	5589.624
5591.717	5598.455
5594.658	5599.668
5593.49	5601.852
5597.81	5604.407
5607.791	5616.426
5615.426	5618.483
5606.401	5619.109
5618.331	5619.673
5620.149	5629.568
5625.383	5629.718
5621.623	5630.279
5625.422	5630.705
5639.482	5646.639
5644.393	5648.38
5639.28	5650.911
5640.828	5650.994
5644.769	5651.095
5650.513	5653.279
5648.782	5654.007
5651.458	5654.574
5651.044	5654.793
5655.023	5656.234
5647.861	5657.621
5654.202	5658.944
5657.354	5659.969
5659.529	5661.905
5663.96	5671.582
5668.836	5672.27
5669.735	5674.466
5666.145	5674.476
5675.249	5676.47
5672.911	5678.699
5675.801	5678.869
5676.736	5683.212
5682.047	5688.805
5685.451	5691.38
5684.657	5692.002
5687.265	5693.28
5685.77	5694.341
5694.729	5698.775
5695.726	5699.6
5698.049	5701.928
5699.823	5702.347
5702.61	5706.556
5707.736	5714.163
5719.574	5725.106
5719.187	5726.796
5723.143	5727.97
5733.666	5740.017
5730.061	5741.794
5738.779	5743.289
5742.725	5744.836
5741.764	5745.156
5743.287	5747.599
5756.285	5763.587
5756.756	5763.883
5758.98	5764.324
5760.38	5764.873
5762.219	5765.92
5764.728	5766.183
5766.469	5769.654
5773.034	5779.19
5775.669	5781.559
5777.466	5785.554
5780.271	5786.313
5781.79	5786.599
5781.973	5788.339
5784.898	5788.674
5786.098	5789.739
5781.646	5792.262
5790.964	5795.54
5791.996	5796.9
5797.276	5800.071
5797.353	5804.052
5803.315	5807.487
5805.262	5809.627
5804.339	5810.922
5808.882	5813.895
5813.621	5817.731
5820.62	5829.215
5823.64	5831.132
5827.058	5832.652
5828.82	5834.943
5834.017	5836.645
5837.161	5839.821
5840.586	5842.473
5843.483	5854.189
5849.761	5855.451
5849.589	5855.98
5850.501	5856.719
5848.752	5857.586
5860.603	5867.282
5861.617	5868.547
5861.338	5870.542
5862.456	5870.887
5863.789	5872.117
5867.688	5875.867
5873.273	5878.756
5885.025	5890.888
5882.218	5891.37
5886.505	5891.885
5890.539	5892.563
5886.615	5893.23
5888.453	5895.335
5899.144	5906.383
5904.054	5910.242
5901.224	5910.251
5909.469	5912.243
5905.742	5912.644
5899.456	5913.176
5912.959	5914.163
5911.861	5914.286
5917.603	5926.47
5926.198	5928.639
5922.297	5929.098
5921.952	5930.626
5929.821	5930.923
5931.407	5935.474
5933.84	5937.881
5935.911	5941.752
5937.118	5942.844
5940.256	5944.362
5940.792	5944.481
5943.311	5945.581
5949.426	5955.497
5953.398	5957.936
5956.257	5960.439
5957.741	5966.109
5957.55	5967.392
5967.38	5969.676
5964.131	5970.127
5963.385	5970.918
5970.117	5973.015
5972.418	5975.255
5973.442	5979.694
5981.344	5990.05
5989.708	5990.959
5996.077	6002.74
5994.993	6002.998
6001.692	6003.802
6004.78	6006.247
5998.739	6006.324
6005.0	6008.638
6005.142	6009.3
6006.29	6010.936
6006.772	6011.451
6011.126	6012.53
6007.148	6012.833
6007.406	6012.871
6006.399	6013.869
6013.998	6014.782
6010.079	6015.061
6011.237	6016.281
6011.263	6020.354
6018.497	6027.32
6021.916	6028.542
6027.448	6031.748
6043.294	6051.752
6047.339	6053.434
6051.681	6054.544
6047.442	6054.704
6053.109	6055.222
6054.126	6056.164
6056.964	6059.574
6060.304	6063.787
6062.943	6064.906
6064.386	6066.409
6068.355	6074.991
6074.478	6077.578
6085.075	6091.254
6090.183	6093.714
6087.143	6093.762
6090.377	6096.146
6091.011	6096.721
6092.131	6097.291
6103.134	6110.599
6111.571	6118.409
6108.671	6118.822
6112.693	6120.707
6117.293	6121.501
6120.55	6123.797
6120.448	6125.334
6127.46	6134.442
6130.043	6134.905
6133.662	6136.96
6131.815	6137.957
6148.88	6156.058
6150.729	6161.662
6157.97	6163.735
6158.28	6165.266
6164.937	6166.476
6160.529	6166.5
6164.649	6166.564
6167.233	6169.495
6169.991	6172.76
6171.098	6174.026
6171.666	6175.393
6172.266	6177.573
6175.901	6179.02
6172.502	6179.572
6176.252	6179.86
6177.438	6183.295
6176.932	6184.264
6189.928	6195.448
6189.62	6195.942
6190.868	6197.099
6193.598	6197.623
6194.373	6198.308
6195.73	6198.562
6197.541	6199.235
6198.48	6200.664
6193.728	6200.988
6202.546	6209.734
6206.552	6211.676
6204.259	6212.764
6211.272	6213.456
6207.839	6213.911
6212.996	6214.529
6212.741	6215.121
6213.375	6216.896
6215.458	6218.063
6211.944	6218.566
6213.872	6218.862
6215.718	6221.821
6223.896	6230.501
6226.178	6234.177
6231.22	6239.669
6236.222	6240.967
6241.708	6244.435
6246.742	6252.581
6258.974	6265.453
6258.838	6267.97
6262.06	6269.678
6265.843	6272.35
6267.51	6273.064
6268.102	6274.508
6274.694	6276.846
6274.02	6280.773
6281.156	6284.595
6281.232	6285.724
6287.321	6292.867
6290.277	6294.435
6286.988	6294.52
6292.948	6297.192
6294.829	6300.838
6297.663	6302.759
6294.837	6303.523
6307.391	6314.065
6307.54	6314.971
6309.171	6317.368
6313.849	6317.736
6310.966	6318.856
6311.705	6319.473
6315.74	6321.346
6317.2	6323.118
6326.019	6333.406
6326.516	6334.913
6333.198	6336.035
6335.194	6337.008
6337.978	6344.767
6342.398	6348.514
6343.775	6349.584
6352.062	6360.461
6359.558	6363.947
6361.749	6369.326
6360.497	6369.46
6363.302	6369.517
6368.433	6371.811
6371.933	6374.092
6370.495	6375.405
6373.159	6376.068
6376.482	6378.614
6376.593	6385.278
6379.374	6387.554
6382.204	6388.101
6385.402	6390.385
6387.806	6390.747
6394.352	6402.306
6399.347	6403.795
6401.445	6404.434
6412.385	6419.521
6416.348	6420.736
6422.693	6430.289
6422.551	6430.783
6430.271	6433.331
6431.963	6434.461
6431.113	6434.735
6440.352	6450.482
6443.599	6450.792
6447.197	6452.737
6447.801	6453.212
6451.23	6454.359
6446.81	6455.115
6451.601	6456.159
6452.742	6458.588
6457.156	6458.794
6459.37	6462.357
6468.352	6475.971
6467.593	6476.131
6473.132	6477.266
6470.119	6479.235
6477.319	6479.794
6484.847	6493.613
6492.554	6501.074
6499.566	6502.602
6501.491	6508.821
6510.617	6518.038
6511.528	6518.185
6512.666	6518.849
6512.644	6519.584
6513.249	6519.889
6517.32	6521.128
6518.506	6521.542
6512.678	6523.0
6520.018	6523.265
6520.813	6525.767
6522.55	6526.093
6525.639	6530.014
6528.07	6531.028
6532.287	6542.042
6534.538	6542.37
6533.096	6542.449
6552.611	6561.904
6552.083	6562.214
6553.531	6562.237
6557.31	6563.464
6563.575	6564.009
6569.443	6576.61
6571.199	6579.335
6574.13	6579.702
6575.02	6580.36
6571.012	6580.85
6575.942	6582.192
6574.782	6582.435
6583.091	6585.902
6585.506	6590.818
6588.672	6594.963
6587.008	6595.611
6590.603	6598.963
6598.192	6600.535
6598.447	6605.589
6603.295	6606.737
6608.612	6618.633
6611.485	6620.611
6610.994	6621.736
6614.399	6622.122
6621.972	6624.493
6620.498	6625.158
6619.816	6627.697
6629.313	6636.501
6633.405	6637.889
6631.172	6637.953
6634.239	6639.585
6636.071	6640.159
6636.228	6642.035
6631.128	6642.812
6641.916	6644.163
6646.238	6654.508
6645.839	6654.775
6653.789	6658.014
6656.953	6659.844
6663.188	6669.454
6663.305	6670.619
6666.957	6673.157
6666.325	6673.628
6673.619	6675.018
6677.252	6682.911
6681.96	6684.913
6676.178	6684.986
6687.56	6693.621
6687.634	6694.29
6686.16	6694.941
6688.605	6697.237
6692.068	6697.443
6696.392	6699.54
6697.021	6701.977
6697.794	6702.209
6698.507	6704.255
6702.282	6706.254
6705.599	6707.75
6704.388	6708.176
6708.601	6711.354
6707.281	6714.09
6711.067	6715.198
6710.813	6715.398
6717.196	6725.954
6724.437	6728.306
6720.375	6728.968
6725.738	6729.576
6721.619	6732.257
6726.511	6732.296
6728.466	6732.625
6739.906	6748.184
6740.728	6748.855
6746.501	6750.308
6737.839	6753.187
6755.766	6761.757
6756.295	6763.329
6756.349	6763.405
6759.138	6764.151
6760.047	6764.426
6758.848	6764.553
6760.509	6764.763
6760.759	6764.887
6761.072	6765.113
6760.967	6768.281
6774.361	6782.022
6775.426	6784.576
6779.639	6786.112
6782.331	6787.787
6785.594	6788.483
6783.615	6789.392
6789.106	6790.393
6788.749	6791.379
6792.65	6798.808
6798.104	6805.811
6798.83	6806.552
6808.963	6816.097
6820.648	6829.645
6823.367	6831.526
6825.211	6835.428
6837.316	6844.436
6841.382	6845.072
6843.572	6845.604
6839.29	6847.384
6838.348	6847.801
6839.396	6850.419
6851.143	6852.821
6855.677	6862.986
6858.627	6865.354
6864.638	6869.33
6867.371	6871.62
6869.057	6874.235
6867.756	6874.708
6871.909	6876.656
6871.679	6878.728
6883.058	6891.663
6886.647	6893.492
6884.721	6893.514
6887.569	6895.047
6889.585	6896.2
6886.954	6897.017
6890.529	6897.02
6894.857	6897.624
6896.499	6899.103
6896.132	6900.016
6898.556	6900.063
6904.854	6910.858
6909.62	6912.196
6905.999	6914.828
6912.401	6918.118
6909.688	6918.927
6912.804	6919.411
6913.792	6920.044
6912.784	6922.651
6920.765	6922.995
6923.536	6925.354
6931.974	6940.032
6934.966	6940.678
6931.758	6942.573
6933.166	6943.185
6939.111	6943.337
6938.764	6944.515
6942.467	6948.581
6949.256	6951.76
6957.584	6963.08
6959.43	6963.573
6954.263	6965.889
6968.896	6978.03
6972.014	6978.79
6973.873	6979.729
6977.112	6980.331
6975.837	6980.673
6978.07	6981.551
6980.651	6982.136
6980.923	6983.616
6977.318	6983.704
6978.387	6986.388
6978.209	6987.071
6986.618	6990.824
6990.67	6993.044
6991.986	6994.558
6993.692	6995.949
6994.741	6999.038
7000.143	7009.558
7009.83	7015.895
7012.808	7018.237
7014.461	7019.494
7014.968	7020.182
7017.917	7022.632
7019.791	7022.638
7023.647	7030.275
7026.935	7031.767
7028.014	7032.894
7027.629	7033.167
7027.253	7035.575
7032.222	7036.066
7030.456	7037.239
7033.919	7038.565
7034.546	7039.542
7041.632	7050.169
7043.39	7051.017
7044.406	7051.544
7049.417	7053.064
7048.143	7053.276
7045.832	7056.407
7055.23	7058.047
7062.103	7067.793
7061.571	7068.987
7065.145	7070.777
7076.375	7083.172
7080.76	7086.263
7082.069	7088.231
7079.873	7088.812
7076.211	7090.257
7087.648	7090.351
7089.721	7090.54
7089.092	7093.627
7098.16	7104.108
7097.441	7104.193
7096.84	7105.113
7105.185	7108.143
7105.02	7108.961
7107.329	7109.582
7108.89	7111.526
7110.934	7113.034
7114.419	7122.985
7117.65	7125.903
7120.378	7125.908
7124.1	7127.839
7127.704	7132.241
7129.165	7133.823
7130.186	7135.461
7137.96	7144.869
7145.694	7147.27
7146.763	7148.294
7139.203	7148.457
7148.79	7151.013
7149.458	7153.228
7154.093	7158.315
7157.67	7159.938
7154.163	7162.776
7161.681	7164.436
7167.174	7174.769
7169.218	7175.907
7179.384	7185.582
7181.178	7187.57
7178.501	7187.923
7180.185	7188.493
7187.699	7190.182
7181.506	7192.484
7189.701	7194.002
7192.46	7194.37
7194.207	7196.865
7197.351	7198.351
7199.377	7206.034
7200.015	7207.456
7210.601	7216.697
7214.599	7219.172
7211.542	7220.267
7217.077	7221.89
7211.587	7223.363
7221.947	7223.628
7220.98	7223.887
7222.288	7226.497
7224.622	7226.861
7226.158	7228.714
7228.405	7230.614
7230.171	7234.964
7231.574	7237.243
7232.108	7239.757
7237.979	7239.981
7239.417	7242.841
7235.232	7243.83
7241.513	7244.092
7252.974	7259.942
7253.441	7261.752
7259.938	7262.105
7260.418	7263.463
7254.775	7264.264
7261.665	7269.506
7268.135	7272.213
7272.21	7273.447
7273.656	7275.527
7265.327	7276.522
7277.457	7277.798
7274.607	7279.131
7282.337	7288.837
7284.85	7290.286
7281.661	7291.188
7288.908	7291.438
7283.077	7292.424
7296.18	7302.942
7298.907	7305.778
7303.064	7307.588
7305.895	7310.205
7304.265	7311.894
7307.837	7315.301
7313.975	7316.843
7316.768	7318.598
7342.354	7351.361
7343.158	7351.492
7346.97	7354.877
7351.493	7354.975
7352.036	7358.382
7355.446	7360.652
7366.575	7372.901
7372.698	7374.968
7380.648	7387.364
7385.83	7388.744
7387.384	7392.17
7388.831	7392.685
7389.102	7394.818
7389.558	7396.94
7400.023	7405.935
7399.266	7406.293
7404.904	7407.836
7402.085	7408.108
7408.99	7415.74
7412.047	7418.587
7413.262	7418.886
7411.618	7421.156
7421.412	7423.621
7413.943	7424.333
7416.995	7424.777
7416.018	7425.661
7426.076	7427.955
7427.903	7433.597
7428.04	7437.543
7435.202	7438.811
7440.948	7446.562
7445.699	7449.454
7442.95	7449.601
7447.72	7450.314
7446.185	7450.347
7450.365	7450.813
7443.262	7450.821
7451.645	7451.893
7442.143	7452.236
7448.882	7454.409
7453.488	7457.487
7451.462	7458.341
7455.168	7460.067
7458.046	7462.049
7460.534	7463.639
7463.467	7465.854
7464.503	7468.868
7467.617	7471.991
7469.053	7474.565
7473.969	7475.444
7477.34	7484.692
7483.177	7486.376
7483.94	7488.363
7484.09	7491.144
7486.506	7491.435
7487.784	7495.303
7494.015	7499.378
7493.677	7500.101
7500.157	7501.818
7494.135	7502.47
7497.018	7503.721
7502.654	7505.213
7505.292	7507.857
7508.378	7510.85
7509.89	7512.222
7520.187	7525.691
7523.503	7527.626
7528.141	7529.69
7530.96	7538.081
7532.09	7539.327
7532.253	7539.971
7530.998	7540.159
7532.396	7540.679
7531.8	7541.704
7534.294	7541.772
7535.486	7543.581
7542.302	7544.622
7545.125	7545.928
7547.892	7555.034
7547.028	7555.799
7547.524	7556.728
7553.309	7557.057
7548.067	7559.093
7558.628	7559.688
7556.098	7561.93
7559.103	7563.048
7562.322	7571.298
7568.431	7573.805
7575.374	7582.138
7578.929	7584.797
7580.371	7587.15
7579.993	7587.6
7581.297	7588.298
7583.37	7589.621
7582.098	7590.002
7587.707	7590.737
7581.306	7590.907
7585.299	7592.43
7587.583	7595.147
7593.192	7596.844
7600.551	7609.782
7603.859	7612.408
7609.109	7613.378
7608.311	7614.923
7607.042	7615.2
7620.227	7626.215
7622.116	7629.191
7622.545	7629.212
7620.193	7629.496
7623.197	7630.091
7618.209	7630.567
7622.372	7630.835
7626.345	7630.882
7627.158	7631.563
7626.237	7632.268
7628.934	7633.722
7635.249	7641.14
7637.723	7643.587
7637.749	7644.201
7636.666	7644.974
7639.251	7645.777
7641.846	7647.331
7640.642	7648.122
7637.725	7648.187
7643.117	7648.484
7647.187	7649.183
7647.141	7650.07
7646.939	7650.487
7643.165	7651.527
7647.58	7652.858
7650.087	7653.142
7651.216	7654.787
7658.416	7665.034
7660.113	7666.252
7666.126	7666.667
7659.448	7669.799
7670.75	7673.636
7673.657	7678.255
7678.582	7682.74
7679.321	7685.004
7682.653	7685.954
7679.882	7687.539
7686.851	7687.986
7681.925	7689.582
7685.304	7691.191
7688.393	7691.253
7688.558	7691.455
7692.065	7694.258
7692.706	7696.018
7697.96	7703.28
7695.109	7703.556
7698.892	7705.59
7704.437	7707.973
7705.506	7712.793
7708.68	7713.878
7711.762	7715.37
7710.209	7719.279
7714.603	7719.306
7715.07	7720.678
7718.344	7723.963
7721.684	7724.749
7720.599	7724.78
7728.323	7735.074
7727.868	7735.245
7733.103	7738.911
7730.798	7739.094
7730.719	7741.085
7735.436	7744.117
7743.185	7746.147
7744.681	7749.422
7747.683	7750.868
7745.869	7752.506
7748.36	7752.548
7749.531	7753.902
7750.835	7757.339
7755.085	7758.845
7758.805	7761.721
7762.242	7762.886
7769.892	7776.634
7770.464	7776.683
7776.308	7777.116
7772.281	7778.079
7770.587	7778.246
7769.896	7779.228
7780.04	7781.824
7784.965	7790.808
7783.622	7792.46
7789.558	7792.716
7798.324	7804.89
7793.907	7805.381
7796.773	7805.67
7798.168	7808.57
7801.75	7809.537
7801.681	7809.84
7805.268	7809.92
7814.078	7820.632
7814.015	7821.195
7815.059	7821.584
7818.951	7823.594
7815.568	7825.314
7824.768	7827.38
7822.672	7827.762
7824.864	7829.245
7829.43	7832.204
7834.361	7842.783
7845.973	7851.803
7844.788	7851.832
7850.718	7852.751
7845.874	7853.125
7844.738	7854.154
7854.873	7855.988
7858.314	7869.971
7866.336	7871.205
7868.578	7874.079
7869.02	7875.186
7869.119	7875.502
7873.906	7876.873
7873.002	7878.024
7875.938	7878.283
7872.703	7880.305
7876.952	7880.339
7879.618	7883.948
7880.167	7884.704
7882.391	7890.076
7885.483	7890.607
7886.169	7892.318
7886.897	7897.031
7896.832	7902.541
7898.466	7905.219
7901.688	7906.635
7901.755	7908.981
7904.588	7909.45
7904.994	7909.971
7908.014	7914.795
7913.523	7920.342
7913.699	7920.457
7914.67	7921.211
7918.394	7923.882
7921.448	7924.337
7922.315	7925.324
7921.497	7927.913
7915.299	7928.963
7926.416	7930.065
7926.673	7930.386
7932.312	7940.398
7936.127	7941.227
7935.798	7941.362
7936.042	7942.433
7941.327	7942.437
7943.389	7944.131
7940.389	7944.97
7944.865	7948.946
7945.854	7950.841
7947.583	7953.554
7947.624	7953.621
7951.049	7957.005
7957.241	7958.754
7953.137	7960.667
7957.332	7961.665
7958.417	7963.273
7960.76	7969.979
7965.518	7970.58
7961.555	7970.754
7965.893	7972.301
7968.505	7972.484
7972.48	7973.354
7969.296	7974.227
7964.926	7974.24
7966.171	7975.012
7974.454	7976.688
7967.507	7976.919
7981.681	7988.019
7980.385	7988.872
7980.216	7989.828
7983.445	7990.158
7988.727	7990.969
7991.256	7994.858
7984.736	7995.422
7992.82	7997.081
7995.397	7997.439
8001.23	8009.075
8000.544	8010.131
8004.045	8010.707
8005.454	8010.942
8006.185	8011.124
8007.531	8014.149
8011.939	8014.774
8013.542	8015.236
8014.907	8022.009
8027.505	8035.108
8032.43	8036.66
8037.061	8040.028
8041.233	8050.035
8042.449	8051.701
8045.113	8051.863
8048.48	8052.007
8052.409	8064.005
8060.99	8065.247
8063.957	8066.836
8065.93	8070.62
8066.714	8072.025
8069.871	8073.524
8072.484	8073.654
8075.99	8082.735
8076.622	8083.186
8081.232	8084.893
8076.94	8085.803
8083.383	8089.117
8092.037	8098.841
8090.164	8099.663
8097.773	8100.278
8091.707	8101.54
8106.017	8113.075
8106.237	8115.362
8109.586	8117.642
8109.477	8118.544
8116.741	8124.674
8123.959	8128.746
8132.168	8140.155
8135.35	8141.538
8145.839	8151.623
8148.42	8155.827
8158.839	8166.904
8161.505	8167.655
8159.105	8171.014
8164.98	8171.628
8164.435	8172.492
8168.968	8172.835
8180.612	8188.143
8184.129	8190.123
8187.258	8190.703
8189.986	8192.542
8191.027	8194.014
8198.396	8207.925
8200.009	8209.142
8204.224	8209.859
8214.802	8222.828
8220.729	8225.376
8215.777	8227.153
8223.901	8227.68
8226.734	8229.938
8225.256	8232.026
8230.609	8232.676
8231.779	8233.833
8232.494	8235.683
8232.181	8235.964
8226.871	8236.952
8233.372	8236.967
8234.797	8237.99
8241.756	8248.715
8240.612	8249.533
8244.219	8250.607
8247.65	8251.14
8241.806	8251.504
8249.131	8253.106
8256.254	8263.294
8257.197	8264.843
8263.653	8265.467
8257.042	8266.923
8271.886	8277.468
8278.856	8286.073
8281.328	8288.084
8282.124	8288.197
8281.124	8288.89
8286.264	8290.19
8283.614	8290.723
8282.855	8292.678
8291.527	8293.781
8296.389	8305.18
8302.175	8307.051
8306.113	8308.246
8302.346	8309.493
8313.85	8320.663
8313.836	8322.275
8318.233	8322.79
8317.028	8322.961
8321.497	8324.56
8323.273	8326.609
8324.996	8330.647
8325.679	8335.141
8328.935	8336.134
8333.508	8337.864
8332.273	8338.359
8327.874	8339.242
8339.929	8340.593
8344.873	8352.21
8345.399	8354.975
8350.906	8356.701
8351.578	8358.172
8351.707	8358.803
8352.011	8359.068
8353.241	8359.257
8355.543	8359.954
8357.267	8360.48
8358.135	8361.077
8358.906	8363.059
8353.944	8363.428
8365.347	8371.704
8370.006	8373.38
8367.968	8374.338
8368.066	8375.089
8375.268	8378.755
8375.035	8382.659
8382.428	8385.956
8383.601	8389.584
8391.695	8398.106
8400.728	8406.098
8399.753	8406.665
8405.391	8407.439
8405.971	8409.208
8407.881	8411.176
8411.695	8413.859
8412.345	8420.001
8422.532	8430.412
8425.698	8433.579
8428.743	8434.993
8431.2	8435.006
8427.104	8435.595
8435.374	8438.457
8435.202	8440.221
8440.168	8442.855
8445.105	8453.627
8450.622	8455.547
8454.848	8457.156
8455.259	8459.978
8457.375	8465.466
8462.282	8466.292
8458.926	8466.327
8462.912	8467.169
8460.396	8467.908
8464.331	8468.609
8467.004	8469.866
8467.624	8470.041
8467.647	8473.668
8469.891	8474.769
8473.343	8477.541
8476.798	8478.484
8478.09	8480.416
8482.731	8491.879
8486.295	8493.256
8496.13	8502.345
8493.821	8502.947
8500.282	8503.658
8496.993	8504.862
8500.248	8505.442
8501.476	8508.803
8505.295	8509.222
8508.67	8511.126
8508.807	8511.56
8510.176	8512.35
8511.944	8517.552
8515.163	8521.338
8520.537	8523.441
8521.674	8526.792
8520.965	8528.023
8525.586	8529.146
8522.356	8530.316
8526.693	8531.148
8527.699	8532.419
8530.242	8533.598
8531.228	8535.72
8541.188	8548.324
8540.096	8549.507
8546.992	8551.396
8544.859	8551.536
8545.281	8551.593
8549.567	8552.669
8547.159	8555.535
8553.276	8556.22
8558.814	8567.112
8559.34	8569.007
8560.381	8570.833
8570.53	8572.736
8566.938	8572.75
8564.342	8573.657
8572.409	8575.949
8571.509	8577.73
8576.333	8579.164
8583.253	8589.608
8586.314	8592.555
8584.076	8592.765
8592.522	8594.764
8591.861	8595.838
8594.523	8597.514
8596.782	8598.057
8597.245	8599.063
8601.869	8607.582
8602.529	8612.456
8613.034	8615.271
8614.398	8615.795
8617.177	8626.004
8622.309	8627.777
8624.135	8628.566
8623.418	8629.784
8627.842	8630.73
8627.11	8632.944
8622.685	8633.849
8632.411	8634.06
8645.852	8652.175
8641.609	8652.385
8645.322	8653.274
8657.709	8665.354
8662.183	8667.159
8658.532	8668.476
8657.969	8669.408
8659.183	8672.265
8663.615	8672.958
8675.295	8681.419
8676.027	8683.01
8674.264	8683.661
8683.692	8684.848
8689.138	8695.865
8694.125	8699.37
8696.25	8702.088
8699.919	8703.292
8698.53	8703.856
8703.267	8705.796
8715.338	8722.789
8715.913	8725.518
8718.88	8725.877
8719.432	8727.066
8734.049	8741.074
8737.07	8741.976
8736.215	8743.305
8745.586	8752.627
8745.834	8753.881
8750.121	8754.654
8754.217	8754.885
8747.984	8756.03
8756.951	8761.186
8758.187	8763.961
8762.747	8764.684
8764.295	8766.589
8766.706	8770.174
8767.318	8772.386
8775.973	8782.443
8780.224	8786.174
8778.742	8786.281
8779.476	8786.539
8779.508	8786.547
8782.046	8787.728
8784.039	8788.34
8789.332	8789.813
8776.316	8789.917
8785.323	8790.334
8798.722	8804.964
8802.378	8808.532
8805.156	8809.864
8808.653	8811.483
8809.034	8816.398
8810.148	8816.644
8811.143	8818.206
8815.124	8819.104
8814.289	8819.35
8813.86	8819.922
8817.739	8820.949
8813.338	8821.252
8815.844	8821.439
8818.211	8822.942
8819.82	8823.422
8825.503	8832.268
8824.773	8833.711
8829.232	8834.445
8825.333	8834.987
8832.25	8836.155
8834.428	8837.267
8832.752	8838.145
8841.684	8847.904
8843.081	8848.67
8845.373	8849.896
8845.833	8850.331
8849.49	8853.321
8847.351	8854.227
8851.107	8856.431
8851.581	8857.184
8856.307	8858.358
8859.774	8866.131
8863.954	8867.788
8864.673	8871.374
8881.028	8888.549
8887.187	8889.851
8893.356	8900.162
8898.475	8902.569
8899.281	8905.271
8903.304	8908.079
8904.093	8908.731
8908.169	8909.146
8906.951	8911.562
8911.15	8916.989
8913.782	8920.626
8914.9	8920.709
8915.488	8921.348
8920.361	8921.5
8915.439	8921.895
8920.192	8922.122
8912.941	8926.022
8927.165	8933.369
8929.969	8934.71
8937.482	8944.519
8941.51	8948.721
8947.547	8951.32
8945.118	8952.111
8948.689	8953.773
8944.952	8954.576
8948.506	8955.329
8955.822	8958.984
8958.775	8963.072
8959.544	8966.07
8960.914	8970.937
8968.507	8972.711
8970.813	8976.139
8969.228	8978.269
8979.433	8990.188
8984.782	8991.72
8990.301	8993.513
8996.94	9005.181
8998.146	9005.279
8997.977	9005.923
9000.881	9006.477
8998.798	9007.115
9002.759	9007.771
9001.858	9008.266
9006.905	9008.612
9007.139	9009.527
9013.436	9019.706
9016.25	9021.87
9015.426	9023.232
9015.421	9023.832
9012.37	9024.336
9020.915	9026.884
9032.368	9038.608
9037.791	9042.978
9039.164	9043.587
9038.278	9044.186
9036.835	9044.367
9040.845	9045.212
9041.008	9045.902
9043.96	9046.643
9047.327	9050.804
9048.149	9053.073
9048.86	9053.941
9054.468	9057.689
9056.705	9064.485
9062.319	9065.509
9069.648	9075.66
9068.027	9077.432
9073.345	9080.352
9081.79	9090.239
9083.533	9090.476
9084.693	9091.603
9086.322	9092.198
9087.861	9092.694
9087.323	9093.229
9086.771	9094.938
9092.008	9095.904
9094.939	9101.215
9100.421	9104.74
9097.106	9106.216
9101.773	9107.211
9103.929	9107.599
9102.16	9108.318
9115.365	9122.476
9118.755	9123.788
9115.642	9125.772
9119.713	9126.314
9125.433	9130.248
9127.367	9134.468
9131.207	9134.836
9133.869	9138.016
9140.905	9149.167
9145.538	9151.698
9142.407	9151.898
9146.604	9155.202
9159.344	9166.458
9161.037	9166.636
9164.123	9168.093
9161.022	9168.441
9159.069	9170.589
9171.493	9177.127
9174.998	9181.464
9176.507	9181.54
9175.054	9182.052
9173.044	9182.159
9176.79	9182.678
9188.415	9195.104
9186.493	9196.025
9193.561	9196.95
9189.542	9197.071
9189.833	9197.456
9193.246	9197.811
9195.726	9198.79
9194.199	9201.58
9199.413	9203.42
9199.509	9203.92
9201.593	9206.61
9199.832	9208.128
9205.532	9209.919
9211.995	9219.529
9224.927	9231.668
9225.274	9232.221
9225.679	9232.305
9230.191	9233.355
9233.782	9234.851
9237.487	9244.949
9251.073	9259.745
9250.912	9260.179
9259.888	9261.999
9254.291	9263.795
9263.02	9265.042
9267.661	9274.832
9271.016	9277.571
9270.116	9278.67
9278.475	9279.328
9269.614	9280.13
9279.064	9280.807
9271.363	9281.121
9282.367	9289.5
9285.595	9291.818
9288.038	9292.924
9294.23	9299.934
9298.602	9304.182
9297.168	9304.941
9303.398	9305.589
9300.14	9306.658
9301.501	9306.741
9309.768	9317.058
9313.061	9317.523
9311.704	9317.876
9318.141	9322.309
9317.215	9322.309
9318.521	9325.551
9320.583	9325.948
9326.104	9327.976
9327.072	9328.827
9328.177	9330.75
9329.22	9336.082
9335.932	9341.614
9336.704	9343.483
9342.811	9346.408
9336.135	9346.433
9343.376	9350.826
9345.732	9351.296
9348.863	9353.373
9346.677	9353.8
9351.935	9355.1
9351.675	9355.158
9349.285	9356.096
9352.14	9356.305
9361.54	9369.57
9365.359	9370.923
9368.206	9372.09
9369.048	9374.727
9371.074	9375.193
9372.049	9375.882
9375.214	9376.836
9372.22	9377.611
9374.206	9378.745
9379.103	9380.153
9380.752	9384.533
9392.45	9401.058
9394.592	9403.118
9399.0	9404.181
9393.956	9404.181
9396.402	9405.245
9403.201	9406.051
9403.427	9406.277
9403.795	9408.146
9406.63	9408.687
9404.341	9408.844
9409.764	9411.821
9408.776	9412.677
9414.173	9422.172
9419.397	9422.712
9415.745	9422.803
9414.523	9423.078
9421.465	9425.684
9423.311	9426.244
9426.403	9429.845
9428.742	9433.184
9423.872	9435.418
9432.793	9436.519
9429.228	9436.629
9435.705	9436.899
9437.2	9442.056
9437.824	9443.923
9438.713	9444.917
9439.583	9445.487
9444.523	9445.994
9445.614	9449.59
9448.715	9455.832
9449.85	9457.816
9452.0	9459.334
9456.425	9459.366
9456.956	9460.289
9460.77	9464.168
9461.089	9466.653
9462.212	9467.036
9459.359	9467.072
9472.28	9482.272
9474.443	9484.196
9485.2	9494.64
9487.804	9494.819
9492.8	9495.092
9489.572	9497.689
9502.223	9509.814
9507.395	9513.282
9509.152	9513.92
9512.219	9515.561
9515.969	9518.25
9511.07	9519.437
9516.446	9521.214
9519.907	9522.551
9527.547	9535.181
9529.705	9535.524
9535.01	9538.342
9536.747	9541.582
9538.703	9542.605
9543.018	9545.232
9544.871	9548.9
9546.002	9550.09
9548.094	9551.192
9547.968	9554.142
9553.02	9556.96
9549.506	9557.359
9558.137	9561.199
9557.056	9562.298
9561.55	9564.543
9562.292	9567.025
9559.069	9567.275
9566.597	9570.278
9562.685	9571.115
9563.836	9571.602
9568.697	9573.727
9571.481	9574.455
9571.351	9574.48
9575.983	9582.533
9582.454	9585.533
9582.789	9585.957
9580.053	9586.197
9585.713	9587.772
9586.829	9591.866
9590.081	9594.887
9595.766	9596.322
9596.863	9601.41
9598.84	9604.128
9608.881	9616.183
9611.215	9620.138
9615.536	9620.416
9612.562	9622.444
9613.875	9624.097
9622.947	9624.996
9620.361	9627.5
9633.385	9639.696
9636.726	9643.539
9639.973	9645.017
9640.576	9645.871
9644.53	9646.23
9644.863	9646.965
9647.92	9651.25
9647.995	9651.652
9648.132	9654.17
9664.975	9670.35
9666.469	9672.372
9665.529	9673.112
9669.556	9673.286
9668.621	9673.331
9687.769	9695.362
9688.792	9695.451
9688.793	9696.897
9696.493	9698.784
9698.236	9701.451
9698.896	9704.906
9698.924	9706.574
9700.244	9707.051
9708.42	9718.988
9712.218	9719.934
9715.455	9720.398
9720.824	9721.189
9714.47	9721.53
9729.595	9738.048
9745.938	9753.578
9745.164	9753.803
9752.482	9757.449
9748.013	9758.034
9751.944	9758.477
9755.383	9759.878
9752.692	9761.723
9759.986	9761.757
9756.557	9762.516
9761.572	9763.634
9755.028	9763.705
9768.793	9775.067
9771.209	9776.227
9773.595	9778.738
9773.715	9779.109
9775.159	9780.649
9780.68	9783.563
9775.17	9783.918
9779.333	9784.709
9787.46	9792.96
9793.437	9795.1
9786.604	9798.567
9796.993	9800.456
9797.689	9801.38
9805.342	9814.699
9809.98	9817.513
9811.66	9818.79
9811.804	9819.027
9815.602	9820.03
9813.152	9820.544
9814.445	9823.276
9823.897	9828.798
9826.551	9831.646
9832.45	9834.566
9835.797	9847.755
9839.327	9848.402
9842.558	9849.247
9848.033	9849.933
9843.621	9852.766
9851.265	9854.67
9849.6	9855.593
9851.822	9857.239
9851.446	9857.938
9852.18	9858.316
9860.492	9866.641
9867.608	9869.154
9861.357	9869.58
9871.62	9879.491
9872.423	9879.719
9886.772	9896.203
9895.294	9897.044
9895.561	9899.513
9898.558	9903.45
9897.902	9903.492
9903.841	9906.05
9905.065	9909.014
9913.882	9920.854
9916.921	9923.18
9915.067	9923.85
9917.142	9924.121
9924.053	9926.315
9919.071	9926.565
9916.946	9926.748
9930.396	9938.845
9936.4	9940.22
9938.461	9942.804
9940.418	9945.72
9945.337	9949.69
9944.077	9950.744
9945.347	9951.292
9949.858	9953.644
9953.88	9954.899
9957.237	9962.959
9958.961	9963.556
9957.075	9964.76
9955.978	9965.605
9956.835	9966.124
9956.146	9966.676
9960.172	9966.993
9962.743	9967.111
9962.646	9967.98
9962.841	9967.989
9959.545	9968.557
9963.904	9968.762
9964.37	9971.218
9970.178	9974.717
9966.419	9975.736
9972.423	9976.263
9976.528	9976.956
9970.555	9978.068
9977.515	9979.967
9981.087	9987.769
9987.213	9988.017
9987.42	9988.688
9991.139	9998.348
9994.119	10002.731
9993.84	10002.833
10001.259	10004.036
9994.991	10004.09
9997.96	10004.137
9998.811	10005.156
