2.966
1.664
2.989
1.209
2.919
4.886
1.555
1.954
3.370
1.407
1.556
1.703
5.293
2.687
2.486
3.069
3.922
0.514
0.730
0.669
1.924
4.012
3.986
4.909
3.364
0.923
4.771
0.595
5.420
1.459
1.655
2.885
2.183
2.593
1.543
3.614
3.715
5.128
2.516
1.294
7.895
2.203
1.750
1.877
4.634
4.295
1.789
4.070
1.163
1.393
1.605
5.283
1.367
6.265
2.810
3.010
5.070
1.549
2.734
2.421
3.661
5.078
2.475
1.845
2.877
9.776
3.493
2.483
3.825
3.021
1.620
10.203
2.529
4.438
2.087
1.002
2.607
7.316
4.361
2.307
2.850
4.046
1.192
2.251
1.946
1.071
3.066
2.839
1.036
2.946
7.867
4.675
0.819
2.418
5.291
2.470
1.687
4.963
4.757
1.341
2.846
2.774
1.968
3.064
1.522
6.501
7.958
0.975
3.655
3.734
0.979
4.302
2.145
1.489
2.629
3.110
1.185
3.439
8.134
2.169
3.012
3.110
2.757
3.012
4.039
0.829
5.033
2.585
3.329
3.612
3.226
3.751
7.061
2.546
4.308
1.637
1.201
1.522
0.835
5.790
2.105
1.784
3.749
1.078
2.628
1.620
3.195
4.451
7.032
3.959
1.791
6.269
1.256
1.556
3.381
0.895
3.703
3.483
4.196
3.823
3.503
6.551
4.673
2.872
0.976
0.690
1.740
1.333
5.652
1.576
1.173
3.497
5.297
1.710
0.824
9.335
1.039
3.780
2.915
2.325
1.490
1.680
10.149
0.704
1.734
4.587
1.434
2.604
3.216
2.473
5.221
2.043
2.174
3.345
2.908
2.806
0.176
4.348
1.363
3.623
3.725
5.145
5.818
5.085
6.194
4.088
6.234
0.938
9.493
3.816
2.219
3.056
4.691
3.815
2.937
4.939
2.573
4.612
5.081
2.298
2.042
2.426
6.070
4.790
1.210
2.583
1.709
2.368
3.899
3.846
2.507
2.603
2.617
1.908
4.131
1.722
4.191
0.983
1.083
1.987
3.644
4.507
4.354
2.560
0.674
5.270
1.310
1.813
1.127
2.266
1.997
3.820
1.154
2.505
4.102
2.075
0.872
4.605
7.139
0.950
2.871
1.510
2.451
5.252
3.081
1.395
1.239
5.050
2.996
5.349
1.018
2.278
7.789
1.456
0.717
3.053
4.777
4.067
2.190
3.687
2.581
3.741
3.346
5.277
0.491
5.415
4.611
1.904
7.003
1.115
6.731
2.375
1.471
3.559
5.276
5.297
3.118
2.842
4.523
3.688
1.976
5.346
2.704
1.925
1.002
0.805
0.750
2.824
0.780
2.886
2.429
5.913
2.836
9.106
2.855
5.030
1.341
4.465
3.490
3.130
3.972
2.178
7.761
3.868
3.681
3.787
6.157
2.825
2.885
7.045
1.081
3.573
4.295
4.111
1.465
3.329
2.628
2.011
2.254
3.879
3.829
3.124
3.277
3.840
4.335
2.484
1.357
2.405
1.306
2.848
2.494
2.615
2.282
1.001
2.806
4.587
5.690
2.779
1.424
1.366
0.900
5.547
2.056
0.717
3.283
2.399
1.783
3.138
1.409
1.825
1.301
1.307
1.246
2.539
0.552
2.439
3.009
3.678
3.883
1.424
3.205
0.881
4.288
2.481
2.034
1.742
2.776
0.830
5.045
1.239
1.324
5.064
2.231
4.293
0.923
4.572
4.141
2.471
1.735
4.070
2.629
4.003
5.791
3.153
3.812
0.527
3.007
2.601
4.009
2.584
1.861
1.867
4.845
4.463
3.406
5.020
5.506
1.897
1.612
1.770
0.668
0.475
1.771
5.260
6.257
7.637
5.043
2.192
2.534
1.278
1.706
3.273
5.005
2.410
6.931
1.269
3.486
1.110
0.803
1.425
2.497
2.286
2.104
1.738
1.416
1.612
2.809
4.725
2.165
3.025
1.235
4.059
2.312
0.911
2.396
1.779
1.889
2.790
1.940
0.950
3.319
2.094
5.907
4.268
3.665
2.769
4.100
2.817
2.259
2.947
4.611
1.653
3.738
6.091
2.806
4.824
1.635
3.807
1.103
2.493
2.815
2.474
1.736
3.081
2.458
4.789
0.664
1.923
3.572
3.586
2.131
2.735
7.158
1.059
1.882
6.460
2.021
2.044
4.064
1.360
4.084
5.391
2.871
1.869
1.003
6.264
0.979
4.175
0.359
1.032
6.953
3.752
3.277
2.886
1.964
1.579
1.002
2.998
2.622
1.217
4.170
3.567
1.205
0.978
5.579
2.095
3.841
1.885
7.810
2.411
3.446
3.860
3.726
0.695
3.033
0.795
3.627
7.160
2.591
1.423
1.149
1.730
3.826
5.667
4.086
3.096
4.555
1.362
1.115
4.065
2.751
2.955
4.478
2.427
3.048
1.126
13.477
2.929
3.262
2.382
1.826
3.249
3.454
4.818
5.368
3.978
4.312
5.958
0.992
2.997
1.241
1.707
2.057
0.460
2.789
1.098
3.024
1.597
0.991
2.987
1.891
5.957
5.449
1.238
0.307
2.144
3.018
0.822
9.530
3.224
2.814
2.032
2.745
5.947
1.425
2.126
1.688
1.017
4.289
1.263
2.407
2.759
4.635
4.735
1.658
1.242
5.459
3.971
2.768
4.601
2.315
2.276
3.874
4.990
1.439
5.174
1.750
4.669
4.181
2.284
7.423
2.982
4.813
1.265
2.416
1.159
4.530
2.152
3.296
2.125
2.406
1.627
1.997
5.106
4.149
1.843
4.783
5.128
5.417
4.544
0.495
1.831
3.914
1.577
4.778
1.883
1.337
0.791
2.554
1.697
2.020
2.956
1.034
1.256
1.900
1.782
3.488
2.791
0.593
2.804
0.824
2.996
3.319
3.235
1.460
3.086
2.685
2.209
3.576
5.209
5.052
3.475
0.836
5.774
1.181
2.035
1.002
1.750
0.647
2.049
2.662
1.262
3.511
1.438
3.708
3.425
3.341
2.577
4.645
1.681
3.599
2.643
4.128
2.944
1.726
2.481
2.077
3.029
3.333
2.783
3.890
5.529
1.710
2.449
2.789
1.951
2.695
1.652
4.425
3.234
2.768
4.998
1.728
2.612
3.996
1.776
3.250
5.817
2.658
2.777
1.777
2.549
3.039
2.035
3.032
3.732
0.497
2.491
2.519
3.280
3.665
2.927
2.442
0.628
1.070
2.906
2.218
2.119
2.158
3.622
4.029
4.235
3.698
0.604
3.070
6.112
3.909
2.273
4.107
2.525
2.940
7.984
0.475
3.139
1.616
6.070
1.209
3.466
2.333
4.087
2.268
7.640
0.950
5.186
1.717
3.477
1.506
1.813
0.706
1.300
3.491
3.171
5.083
2.148
2.737
4.436
1.173
2.740
3.854
1.964
2.821
5.254
1.978
1.807
1.387
2.683
4.668
3.248
2.281
1.207
0.992
1.367
2.237
3.253
2.826
1.852
2.043
1.321
2.450
1.702
4.141
10.710
2.390
4.366
2.605
4.201
1.709
1.017
3.018
3.783
0.402
3.084
5.624
4.559
3.120
2.209
1.806
2.478
2.497
0.391
1.830
5.990
1.920
3.321
4.006
3.258
3.319
3.120
1.863
1.874
4.487
3.865
1.453
4.886
1.979
2.292
0.213
2.466
0.866
5.291
1.419
2.028
2.754
2.111
1.968
2.696
3.258
2.894
2.335
3.851
1.952
7.647
1.886
2.176
2.075
2.827
3.040
1.852
2.141
1.716
5.036
5.162
1.227
2.010
3.488
2.240
5.760
6.168
6.214
0.687
1.293
6.142
2.336
1.461
2.300
2.377
0.914
3.672
3.415
1.536
0.856
1.406
2.203
3.519
2.692
2.733
0.986
1.211
1.357
0.188
1.839
1.699
2.111
10.458
2.688
1.507
3.116
1.700
2.160
2.561
5.570
1.252
2.974
1.384
2.078
8.732
3.375
5.168
3.378
1.352
2.167
10.247
4.713
5.803
2.466
2.443
2.379
2.033
4.383
1.125
4.687
1.343
1.914
1.214
1.910
2.204
1.161
2.706
3.253
4.799
4.763
4.155
1.632
2.844
2.839
2.347
1.097
6.113
2.439
3.013
5.038
1.648
2.146
2.352
1.351
1.439
2.829
3.174
2.601
2.927
5.882
5.580
8.151
5.003
1.661
2.306
2.435
4.517
3.215
1.591
1.422
7.980
3.212
2.808
1.229
7.656
1.967
2.927
1.935
1.308
4.099
1.415
2.025
2.714
4.132
4.678
1.692
4.021
3.407
4.238
2.075
2.945
1.921
3.996
1.744
3.069
6.495
5.793
3.137
0.681
2.439
4.644
1.874
6.308
3.204
1.930
4.080
1.505
3.051
1.418
4.039
2.011
5.364
1.455
2.317
4.982
3.456
0.785
4.106
3.921
1.347
4.549
1.174
5.858
6.001
1.812
4.338
5.440
3.498
1.036
4.479
5.479
4.163
1.975
3.396
3.535
3.472
6.384
1.366
0.884
1.999
1.313
2.312
4.355
2.547
1.739
4.528
3.702
0.603
2.430
4.158
1.641
3.390
1.354
3.439
0.334
2.381
5.516
1.586
1.897
2.320
3.793
2.194
3.082
0.360
3.687
0.748
1.306
1.828
0.429
1.060
3.183
2.131
2.339
2.242
1.833
2.510
2.764
1.061
1.962
1.680
2.145
1.903
4.673
3.741
1.470
6.852
4.603
3.169
4.063
3.403
10.802
3.896
1.736
5.548
2.068
7.033
4.538
4.799
2.132
0.479
2.892
2.572
3.945
2.401
1.899
4.330
5.042
2.543
2.721
6.146
1.799
3.324
2.125
5.012
1.659
2.404
3.347
1.683
1.129
2.490
3.306
1.268
0.935
2.384
4.807
2.971
2.424
5.292
1.836
6.182
1.254
1.492
2.544
4.123
2.864
4.860
0.704
2.740
1.946
3.913
2.153
5.154
5.207
2.941
1.654
3.408
1.516
4.592
1.246
4.047
5.512
3.553
5.163
4.216
3.718
4.458
1.707
0.959
3.472
2.171
2.223
1.374
3.562
2.164
1.005
4.162
0.850
0.513
4.427
3.676
1.616
5.473
2.352
2.395
4.430
2.653
3.385
2.073
4.640
3.651
1.746
3.532
1.599
3.526
2.663
4.008
1.079
1.328
2.639
1.902
2.805
2.506
3.735
1.015
9.880
4.206
2.053
1.617
2.249
4.470
4.222
0.652
3.186
2.413
4.951
3.150
1.696
1.456
5.150
3.087
1.900
2.394
2.875
3.252
1.305
3.845
2.600
1.849
3.218
3.147
2.213
1.705
1.671
1.898
3.499
2.188
0.547
5.680
2.680
5.748
2.810
2.765
5.365
5.883
1.961
2.123
3.349
2.581
2.223
2.241
4.101
2.914
1.585
4.288
3.342
1.080
2.424
1.012
2.513
3.953
3.827
1.984
3.682
2.452
1.768
4.418
4.068
4.027
2.772
1.125
2.119
5.599
1.998
2.591
2.740
1.348
1.945
0.979
3.962
1.379
1.160
2.245
3.460
5.897
1.115
1.666
2.505
3.035
4.212
5.058
2.722
3.314
2.320
2.457
2.021
0.957
1.643
1.068
2.272
4.277
5.428
1.464
1.535
2.844
2.084
1.125
0.757
2.107
4.319
6.292
2.088
2.814
2.380
1.966
4.278
3.388
4.968
3.250
4.117
4.086
1.729
5.158
1.894
1.347
3.028
2.886
2.633
1.383
2.196
1.565
2.826
2.297
1.075
1.986
2.517
0.993
1.784
2.787
3.021
1.206
5.098
2.927
2.889
4.976
5.442
1.470
2.163
4.646
1.743
1.913
9.241
2.190
6.883
1.772
1.552
3.504
3.414
4.516
2.877
3.951
3.295
2.968
1.273
1.990
1.677
5.304
3.952
2.329
4.927
1.150
1.561
8.837
0.374
2.395
4.496
2.749
2.391
2.762
3.170
0.299
2.158
2.530
4.941
4.523
1.487
4.064
2.845
1.409
4.137
2.275
1.347
3.561
3.278
0.861
3.350
5.127
2.295
2.441
2.492
2.736
4.722
2.655
0.632
5.019
5.546
7.192
3.423
5.476
1.932
0.534
2.386
2.063
1.793
7.845
2.354
2.218
7.321
5.833
2.407
4.356
4.968
1.471
5.217
6.163
1.921
2.561
2.031
5.942
1.201
2.753
2.294
1.045
1.684
1.414
1.179
0.664
1.080
1.300
1.555
3.986
3.284
5.377
2.434
2.200
2.408
2.446
3.409
3.022
1.372
4.791
2.613
1.565
1.024
2.396
2.294
6.416
3.607
1.064
0.651
3.436
0.670
1.935
1.769
5.460
2.226
1.607
5.868
2.631
3.533
5.142
2.549
3.286
5.336
1.336
3.039
3.376
3.595
1.947
3.977
5.550
5.619
2.578
2.253
0.905
3.078
2.962
3.678
2.515
3.085
3.011
2.401
3.594
1.829
3.128
3.459
1.751
3.348
4.487
2.011
4.701
3.647
6.837
6.844
2.356
2.506
1.436
1.063
3.932
0.827
2.595
3.291
2.145
3.201
1.545
4.543
2.198
1.319
7.758
6.764
4.320
2.414
1.389
2.156
2.286
1.856
3.501
2.657
0.640
0.490
2.967
1.812
1.875
2.432
6.163
2.632
7.248
3.759
3.691
2.861
1.867
4.192
3.394
2.926
6.022
1.487
7.622
6.067
2.840
2.682
1.773
2.491
2.824
3.900
3.218
3.373
2.398
1.052
2.536
0.482
8.058
1.529
2.260
1.113
0.958
1.202
2.142
1.356
2.362
2.413
3.888
5.146
3.249
1.212
4.384
1.422
4.646
4.757
3.540
3.735
2.153
3.019
1.995
4.543
0.722
8.070
2.383
4.046
1.587
5.132
4.613
0.993
3.821
7.994
1.638
2.385
3.168
4.465
0.650
0.807
1.295
2.903
8.216
3.590
1.958
2.489
2.979
1.745
1.476
1.071
3.832
2.559
3.770
3.830
1.118
5.514
3.124
1.732
2.675
0.914
4.084
2.926
3.584
4.967
8.157
1.179
2.129
3.759
1.475
3.517
3.714
3.913
2.393
1.487
5.936
2.323
3.847
7.751
2.980
4.412
5.352
4.206
6.907
1.467
0.687
2.087
3.502
2.088
2.643
6.628
4.279
2.119
2.606
2.581
3.595
1.900
2.855
0.989
9.881
9.782
7.627
2.000
1.226
3.930
4.902
0.740
0.511
1.857
1.708
3.708
4.560
0.686
6.108
2.112
3.653
4.445
6.195
2.118
4.060
1.802
1.697
1.659
0.266
0.621
2.605
0.924
0.741
4.578
3.177
0.580
2.445
2.502
3.160
2.586
2.763
2.813
3.481
0.511
2.893
2.460
1.818
2.828
3.772
2.797
1.124
7.967
1.311
1.800
3.508
3.151
1.762
3.356
3.249
1.608
3.494
0.993
3.651
1.867
1.595
1.823
1.891
4.945
3.348
1.997
2.679
0.155
4.531
4.668
1.398
1.714
1.563
3.535
3.548
5.157
1.802
1.927
3.234
3.372
4.165
1.265
8.075
3.092
3.312
2.027
1.227
2.372
1.725
2.404
0.522
5.238
1.957
3.703
1.373
2.188
2.379
5.770
5.951
4.588
2.213
3.724
1.927
1.866
3.442
1.777
1.816
1.983
1.387
2.990
1.666
3.186
1.894
3.260
1.972
1.451
1.957
1.285
2.655
4.410
6.743
1.046
5.302
2.464
2.692
1.802
4.553
3.598
0.885
1.341
3.441
0.741
2.752
0.752
6.103
3.309
1.941
5.849
1.135
1.725
4.093
2.559
5.445
7.778
3.637
1.120
5.441
1.188
4.581
2.484
1.666
0.818
2.920
5.537
1.940
1.088
0.565
1.717
3.111
1.874
1.033
1.851
1.015
6.090
2.134
3.561
3.217
1.452
3.599
10.277
1.762
3.675
4.507
3.048
1.981
2.103
0.603
7.205
1.849
3.374
3.409
2.215
1.532
0.895
7.905
2.275
1.806
3.187
3.501
0.676
4.745
4.540
1.076
2.375
1.563
4.480
1.171
2.152
3.681
1.229
1.664
1.244
1.977
3.610
6.572
1.115
3.770
0.906
5.122
4.448
1.849
4.421
2.653
1.359
4.980
7.441
1.880
4.183
2.213
1.136
4.945
3.918
1.367
2.331
3.969
2.550
2.655
4.185
2.553
3.513
2.348
1.776
5.660
3.152
3.279
0.886
2.729
1.753
6.110
1.621
2.243
3.315
3.725
3.848
2.444
1.517
5.433
3.642
4.720
1.750
1.262
4.904
1.949
3.574
3.448
2.771
0.619
2.529
3.516
4.113
1.825
1.032
4.490
2.611
6.651
2.567
2.669
8.648
2.348
3.126
3.480
5.454
9.805
1.515
6.783
4.620
2.152
3.451
1.946
1.731
2.740
1.308
2.765
1.100
2.857
1.740
0.966
1.401
2.565
3.559
1.261
6.101
5.514
2.832
2.508
1.675
3.901
5.182
4.824
1.536
1.914
1.503
1.933
2.351
7.703
1.579
5.794
0.725
4.785
2.004
1.345
2.253
1.616
5.231
2.171
3.835
3.847
2.364
1.738
3.397
1.178
4.749
7.708
3.635
2.057
1.190
9.419
3.656
0.150
0.987
6.631
2.157
5.166
1.741
2.715
8.228
3.096
2.285
3.698
1.295
4.742
1.211
2.348
2.376
2.622
3.331
0.688
2.196
4.233
1.221
2.399
4.513
5.593
3.197
1.723
3.890
2.510
4.046
0.825
2.328
0.419
3.946
1.427
2.609
0.532
2.864
6.733
1.351
3.272
3.362
1.547
2.763
2.302
2.127
0.737
0.990
1.940
1.455
3.185
1.156
2.369
4.885
4.754
6.708
0.286
1.740
2.028
2.949
3.278
1.360
2.795
3.981
3.435
3.435
0.288
4.268
3.836
3.595
2.492
3.437
3.811
1.702
2.660
1.887
5.706
3.834
1.791
0.862
1.958
1.679
4.204
1.930
3.605
4.661
7.320
2.889
4.152
0.863
0.997
1.860
3.830
0.948
2.239
8.720
4.027
3.859
3.590
2.001
2.043
1.204
3.867
4.156
2.146
1.342
1.102
4.067
2.407
3.871
1.933
2.610
1.637
1.219
1.071
2.439
2.503
6.953
4.852
4.809
2.735
1.291
2.898
2.240
4.439
3.706
0.909
3.005
1.663
3.584
0.804
1.467
2.391
2.976
2.298
4.569
1.451
1.897
1.472
3.610
0.758
3.751
7.521
0.784
6.966
1.626
4.300
3.458
1.682
2.365
2.102
1.788
1.620
2.610
3.483
1.119
1.503
1.636
2.587
1.179
2.508
1.571
2.432
2.959
2.108
2.465
8.223
1.838
3.014
3.092
4.627
2.296
1.982
0.463
3.052
1.917
2.178
5.933
2.073
2.296
3.220
1.915
1.210
2.262
2.769
1.266
1.367
2.180
3.474
1.447
0.840
4.692
3.435
1.322
0.520
1.651
1.755
5.046
1.209
0.939
0.927
2.102
2.188
3.505
1.942
2.359
1.780
5.802
1.665
0.618
2.367
3.741
1.167
3.758
1.605
3.676
5.492
1.298
2.727
0.839
4.132
1.479
4.225
4.380
3.386
3.665
6.753
2.152
3.439
1.129
2.532
0.546
1.568
2.757
6.009
6.331
1.921
1.674
2.431
3.303
4.685
4.502
1.770
3.978
5.382
2.387
3.397
2.629
1.814
6.789
3.747
2.186
3.399
3.486
5.513
3.829
2.768
2.485
4.910
2.159
1.976
2.132
6.664
3.180
2.823
2.831
2.646
2.954
1.489
0.639
2.136
1.215
3.232
2.596
3.042
3.622
1.130
5.130
2.193
4.633
1.945
1.402
1.622
2.947
4.229
1.638
2.987
3.538
2.619
4.116
1.295
2.475
3.766
7.461
1.528
6.219
2.421
1.657
1.940
1.183
5.322
1.851
2.943
2.693
3.247
4.639
3.093
4.247
1.014
4.755
4.353
2.832
5.131
4.293
3.706
1.560
0.434
2.167
4.838
3.136
3.092
3.305
1.025
2.490
2.811
4.916
4.793
2.955
5.291
1.572
5.054
1.148
5.021
5.742
4.126
3.489
7.086
3.422
2.371
2.188
6.684
1.781
1.388
1.696
2.206
3.630
2.128
3.936
3.270
3.506
1.830
1.266
2.314
4.174
2.538
1.399
3.808
0.659
2.002
3.781
1.061
1.656
3.632
3.822
2.303
4.534
2.669
2.278
3.972
3.788
1.496
6.340
2.753
4.044
1.108
3.758
3.593
6.303
1.687
1.270
3.328
3.188
10.348
3.278
3.127
2.124
0.991
2.034
2.056
2.796
0.822
1.021
0.915
0.749
4.130
0.687
2.661
4.150
4.090
3.211
3.280
1.152
2.630
1.001
1.158
7.003
2.722
2.134
3.997
3.159
5.783
2.120
4.453
3.094
6.023
0.636
0.532
1.678
2.309
2.368
3.976
2.290
3.088
1.864
4.493
1.948
3.605
3.793
1.845
5.354
3.093
3.631
3.528
2.577
3.816
2.086
1.507
1.004
3.970
1.197
6.731
3.290
5.250
1.627
2.240
2.230
1.818
5.815
3.058
5.019
0.712
4.483
2.659
6.008
2.504
6.626
0.496
0.493
4.134
1.776
1.699
1.883
1.458
3.975
1.220
6.398
5.551
0.585
1.504
4.206
2.220
1.514
1.391
3.089
4.415
6.065
2.342
1.686
1.945
3.171
2.847
1.628
1.492
3.808
1.232
0.641
4.610
3.172
4.646
3.967
3.537
2.627
2.138
6.238
2.444
2.047
1.640
2.416
0.690
2.984
9.046
1.797
5.640
1.390
2.471
2.120
4.535
0.283
3.273
1.752
0.948
3.941
2.958
1.439
2.565
1.508
3.566
3.253
2.923
1.936
4.402
1.582
1.638
1.909
4.254
1.576
1.024
2.223
2.215
4.222
4.461
0.775
1.660
2.595
1.689
4.422
1.198
3.308
1.988
6.306
2.483
3.820
1.886
2.658
1.000
1.657
2.441
1.096
3.725
6.776
2.475
2.718
2.907
1.681
3.134
2.239
2.217
1.900
4.350
2.279
3.183
6.587
0.224
2.860
1.251
1.968
3.311
4.489
2.163
1.711
7.401
7.016
1.886
1.234
1.871
3.604
0.341
4.527
1.500
4.347
1.449
1.152
1.762
2.836
1.810
4.306
2.141
5.096
1.542
1.755
4.007
3.334
3.516
3.482
3.505
5.206
1.326
2.067
1.716
1.380
3.426
0.515
2.133
3.109
2.027
0.912
2.173
1.543
6.750
5.416
1.969
1.839
6.071
7.074
5.891
2.209
1.879
5.642
4.503
1.268
0.614
5.674
2.458
2.871
1.192
0.893
0.713
4.095
0.448
6.879
0.248
3.078
2.580
3.708
3.105
2.215
3.014
3.123
2.574
0.879
2.352
1.684
1.987
2.967
3.072
4.159
4.798
0.701
3.455
4.343
1.661
2.559
2.565
2.472
1.372
0.504
1.935
1.549
2.121
4.161
4.904
2.237
2.718
2.598
2.445
3.610
2.320
0.803
3.771
4.204
2.142
6.026
2.023
5.832
0.595
3.360
8.976
2.507
1.764
2.659
3.671
2.353
3.305
5.536
3.705
2.471
4.830
6.849
1.116
3.652
4.231
3.549
5.418
2.881
0.970
7.358
4.303
0.988
2.976
3.719
1.840
0.900
3.056
1.386
1.472
3.155
0.891
3.834
1.921
5.464
1.476
3.028
4.535
3.130
3.510
5.750
3.156
1.948
0.996
4.374
3.055
3.571
1.618
5.351
1.218
0.415
2.886
4.598
4.158
2.264
3.218
4.700
0.950
5.237
0.447
2.860
1.873
2.193
1.760
7.538
0.320
2.310
3.536
7.203
5.198
6.486
1.492
3.936
1.399
4.657
4.102
0.786
2.377
1.751
6.011
3.849
3.192
5.206
2.030
3.275
3.084
1.187
1.680
1.396
4.791
1.506
2.876
0.644
1.742
4.332
1.219
2.659
1.445
0.433
1.784
3.838
0.843
1.908
6.474
3.897
5.402
1.566
4.950
4.156
4.250
2.180
1.554
1.525
4.746
2.962
4.168
2.066
1.865
2.774
3.422
4.416
2.044
2.251
0.830
0.948
1.115
6.657
1.234
2.874
3.850
1.924
6.226
2.838
1.371
1.410
2.315
3.643
4.365
6.128
5.124
2.242
6.424
5.510
2.678
3.169
3.762
2.815
3.283
5.814
5.547
1.934
2.512
8.664
3.540
2.889
4.031
0.987
2.152
1.423
3.086
0.964
1.635
0.185
3.843
1.110
0.742
4.081
4.987
4.608
2.780
3.451
7.046
1.513
2.911
2.606
8.314
7.481
4.314
0.601
1.783
4.432
6.165
1.591
1.926
0.870
2.234
4.612
3.487
1.338
2.139
6.977
2.097
3.602
2.223
2.017
4.587
2.845
1.662
1.867
0.993
3.695
2.835
1.087
7.102
2.603
1.552
2.967
3.802
4.252
1.828
1.894
11.596
1.242
1.589
3.784
1.405
2.594
1.170
1.745
1.564
3.863
2.158
5.734
4.499
4.833
1.804
1.437
2.058
4.125
5.469
3.165
7.032
4.072
2.987
1.383
0.784
4.204
3.065
6.909
1.150
5.588
3.973
1.821
2.531
1.980
1.574
2.419
2.987
4.529
4.133
1.934
3.026
6.376
2.548
2.304
4.873
2.258
8.051
2.067
1.807
3.288
1.850
1.284
2.026
3.921
1.959
4.698
1.892
1.921
3.573
2.040
4.881
2.646
1.814
0.582
2.217
2.817
1.960
1.869
5.554
2.868
2.106
2.254
3.791
1.871
2.442
1.071
3.439
1.813
2.298
0.762
2.285
3.336
5.651
8.532
8.595
3.260
3.218
1.730
0.664
2.337
4.576
4.491
3.197
2.897
2.490
2.556
6.721
1.782
1.677
2.009
3.802
1.357
2.634
2.121
0.314
7.624
3.487
3.297
3.628
1.411
1.912
0.370
1.341
2.543
3.295
2.164
6.142
2.880
3.167
4.897
2.889
1.427
5.019
3.083
2.634
3.522
1.920
1.609
2.822
5.488
3.952
2.512
0.826
0.877
2.282
2.697
2.133
5.059
4.878
3.873
0.943
1.932
4.148
1.961
9.126
1.215
2.869
3.097
0.711
5.145
3.927
2.323
2.338
1.224
5.608
3.786
2.103
4.582
1.255
3.642
2.354
3.125
3.273
3.282
4.492
4.411
2.136
3.212
2.086
1.537
5.254
1.273
2.944
3.298
4.667
5.452
6.545
3.743
1.903
4.994
3.199
2.831
1.355
3.689
2.947
3.283
1.999
2.750
1.275
1.549
0.713
4.927
2.237
0.524
3.827
1.773
6.540
2.099
0.789
4.526
2.164
1.116
5.776
2.952
1.323
2.645
6.439
4.944
8.082
1.805
5.799
4.397
1.124
1.983
1.156
1.727
3.505
2.718
2.606
1.204
2.504
2.451
4.605
3.088
3.186
2.025
2.231
0.761
2.041
3.047
3.403
1.670
0.668
4.235
2.775
0.723
1.905
3.468
2.212
1.470
8.601
3.838
2.797
2.071
1.666
1.554
2.059
3.795
0.481
1.242
3.568
1.332
1.619
4.915
2.991
3.058
4.854
3.278
1.144
0.766
2.579
1.845
3.592
3.500
3.938
4.654
1.765
2.177
2.444
3.913
2.822
1.220
0.766
1.815
1.661
4.331
2.990
3.110
2.957
1.927
1.357
1.657
3.586
2.521
1.302
1.806
2.407
2.702
2.808
0.652
3.258
0.415
5.427
9.033
2.685
1.927
1.995
0.909
1.496
0.791
1.204
1.341
2.037
4.202
5.855
2.159
1.202
4.009
1.662
3.162
4.088
2.998
6.393
1.774
5.558
2.632
5.755
1.938
3.212
3.241
2.946
2.133
3.317
1.296
2.987
1.890
1.707
2.388
6.966
1.270
4.126
2.811
1.444
5.014
1.240
5.759
1.143
1.395
0.609
1.625
1.738
2.457
3.477
2.269
0.868
3.221
6.796
1.024
4.405
1.012
4.692
3.449
1.943
1.910
1.959
4.462
1.907
1.091
3.706
6.276
5.001
2.634
2.471
2.102
0.826
2.111
5.130
1.312
2.559
4.476
4.220
0.368
3.180
3.262
4.491
2.531
4.664
6.520
2.114
2.419
0.599
1.635
5.634
5.032
3.420
2.054
1.486
1.214
4.532
1.689
2.529
2.623
2.707
0.925
4.630
1.719
4.007
2.340
4.708
2.690
3.309
2.534
1.741
1.947
1.626
1.687
1.069
2.462
4.267
3.672
4.504
2.111
1.247
2.171
5.516
3.838
2.455
5.105
0.853
1.743
2.133
2.318
2.329
0.704
5.007
2.014
2.476
1.800
0.449
2.290
1.172
0.465
4.786
4.168
3.242
3.639
1.872
0.851
1.923
5.332
5.532
5.298
1.869
2.925
4.418
4.863
2.974
2.077
4.419
1.785
1.300
1.205
3.030
1.353
1.731
3.804
3.103
1.155
2.418
2.863
0.762
1.050
3.781
3.608
5.225
3.526
4.187
2.779
2.850
2.096
3.965
3.599
2.057
3.901
2.057
2.999
3.555
2.058
0.540
2.972
2.933
9.734
3.442
3.339
3.445
2.777
1.194
4.856
1.867
2.093
1.774
1.471
3.976
6.242
2.966
3.502
1.550
0.955
7.706
3.398
2.485
0.947
4.992
4.753
4.440
2.015
3.117
0.452
2.591
3.468
1.525
6.155
1.641
2.281
2.964
2.644
2.634
0.819
3.161
3.240
1.023
2.214
3.668
1.190
4.052
0.190
6.167
2.818
5.242
3.062
6.076
2.245
2.482
4.565
4.577
3.003
3.449
3.129
2.853
1.550
3.664
0.480
0.424
1.815
5.037
3.021
0.556
4.547
2.718
2.302
3.955
6.229
6.535
1.541
7.139
2.049
1.311
3.843
1.478
0.898
1.213
1.094
3.330
0.402
2.518
0.375
2.762
1.843
1.862
0.914
2.593
1.659
3.104
1.887
2.667
3.455
2.678
3.127
5.568
2.716
2.542
0.928
0.365
3.453
3.639
2.640
5.021
4.899
3.646
4.779
6.256
1.844
4.039
1.771
1.911
1.274
1.160
2.529
2.882
2.054
5.180
5.376
2.883
6.963
0.500
1.663
1.889
0.924
4.357
2.814
3.810
2.367
3.740
5.763
1.878
4.901
2.848
2.116
6.958
4.075
1.689
5.011
1.531
5.993
1.904
3.268
1.646
2.051
1.149
3.223
1.546
2.871
2.296
4.431
0.841
2.469
3.979
0.548
2.209
2.964
1.972
3.783
2.326
4.827
2.175
4.423
2.262
3.449
1.375
2.584
2.916
5.024
0.613
1.602
2.900
1.019
4.627
5.530
4.289
2.685
0.722
0.597
5.001
2.233
2.375
0.987
1.313
1.769
4.107
7.756
3.499
3.351
1.085
0.428
2.452
1.682
0.248
0.671
2.209
4.485
3.891
4.971
4.146
2.425
1.203
